6 434 495.3865 26.6117 -2.3255 0.9950 9 30.2482
12 718 726.1285 24.8778 -0.3267 0.6120 9 50.0997
14 60 88.1243 11.3941 -2.4391 0.9970 5 4.2099
36 7974 8290.8850 34.6669 -9.1553 1.0000 16 556.3651
38 1715 1648.6963 28.5936 2.3305 0.0050 11 119.6904
46 131 90.7262 6.2833 6.3698 0.0000 3 9.1233
74 1462 1485.9597 27.7082 -0.8647 0.8030 8 102.0136
78 53 77.0062 8.2909 -2.8955 0.9980 4 3.6982
98 10 14.6960 3.9774 -1.1807 0.9160 2 0.6978
102 81 104.1335 8.3943 -2.7559 0.9970 4 5.6519
108 1098 1096.6145 15.4788 0.0895 0.4560 9 76.6149
110 181 194.7456 9.9170 -1.3861 0.9140 5 12.6296
238 65 53.1770 3.4037 3.4736 0.0020 5 4.5355
