1	17	16	
1	18	16	
1	19	16	
1	20	16	
1	21	16	
1	22	16	
1	23	16	
1	24	16	
1	25	16	
1	26	16	
1	27	16	
1	28	16	
1	29	16	
1	30	16	
1	31	16	
1	32	16	
1	33	16	
1	34	16	
1	35	16	
1	36	16	
1	37	16	
1	39	16	
1	40	16	
1	42	16	
1	43	16	
1	44	16	
1	45	16	
1	46	16	
1	47	16	
1	52	16	
1	55	16	
1	56	16	
1	57	16	
1	60	16	
1	61	16	
1	62	16	
1	63	16	
1	52	48	
1	57	48	
1	60	48	
1	61	48	
1	62	48	
1	63	48	
1	52	51	
1	55	51	
1	56	51	
1	57	51	
1	60	51	
1	61	51	
1	62	51	
1	63	51	
1	52	49	
1	55	49	
1	56	49	
1	57	49	
1	60	49	
1	61	49	
1	62	49	
1	63	49	
1	42	38	
1	44	38	
1	46	38	
1	47	38	
1	55	38	
1	56	38	
1	60	38	
1	63	38	
1	42	41	
1	43	41	
1	45	41	
1	46	41	
1	47	41	
1	55	41	
1	56	41	
1	57	41	
1	60	41	
1	61	41	
1	63	41	
1	21	9	
1	22	9	
1	23	9	
1	24	9	
1	25	9	
1	26	9	
1	27	9	
1	28	9	
1	29	9	
1	30	9	
1	31	9	
1	32	9	
1	33	9	
1	35	9	
1	36	9	
1	37	9	
1	40	9	
1	42	9	
1	44	9	
1	21	10	
1	22	10	
1	23	10	
1	24	10	
1	26	10	
1	27	10	
1	28	10	
1	30	10	
1	31	10	
1	33	10	
1	35	10	
1	36	10	
1	37	10	
1	39	10	
1	43	10	
1	55	54	
1	56	54	
1	57	54	
1	60	54	
1	61	54	
1	63	54	
1	55	53	
1	56	53	
1	57	53	
1	60	53	
1	61	53	
1	62	53	
1	63	53	
2	17	16	
2	18	16	
2	19	16	
2	20	16	
2	21	16	
2	22	16	
2	23	16	
2	24	16	
2	25	16	
2	26	16	
2	27	16	
2	28	16	
2	29	16	
2	30	16	
2	31	16	
2	33	16	
2	35	16	
2	36	16	
2	37	16	
2	39	16	
2	40	16	
2	42	16	
2	43	16	
2	44	16	
2	45	16	
2	46	16	
2	47	16	
2	52	16	
2	54	16	
2	55	16	
2	56	16	
2	57	16	
2	60	16	
2	61	16	
2	62	16	
2	63	16	
2	52	48	
2	54	48	
2	57	48	
2	60	48	
2	61	48	
2	62	48	
2	63	48	
2	40	34	
2	42	34	
2	44	34	
2	46	34	
2	47	34	
2	57	34	
2	61	34	
2	62	34	
2	63	34	
2	52	51	
2	55	51	
2	56	51	
2	57	51	
2	60	51	
2	61	51	
2	62	51	
2	63	51	
2	52	49	
2	54	49	
2	55	49	
2	56	49	
2	57	49	
2	60	49	
2	61	49	
2	62	49	
2	63	49	
2	42	38	
2	44	38	
2	46	38	
2	47	38	
2	55	38	
2	56	38	
2	60	38	
2	63	38	
2	42	41	
2	43	41	
2	45	41	
2	46	41	
2	47	41	
2	55	41	
2	56	41	
2	57	41	
2	60	41	
2	61	41	
2	63	41	
2	21	9	
2	22	9	
2	23	9	
2	24	9	
2	25	9	
2	26	9	
2	27	9	
2	28	9	
2	29	9	
2	30	9	
2	31	9	
2	33	9	
2	35	9	
2	36	9	
2	37	9	
2	40	9	
2	42	9	
2	44	9	
2	55	53	
2	56	53	
2	57	53	
2	60	53	
2	61	53	
2	62	53	
2	63	53	
3	17	16	
3	18	16	
3	19	16	
3	20	16	
3	21	16	
3	22	16	
3	23	16	
3	24	16	
3	25	16	
3	26	16	
3	27	16	
3	28	16	
3	29	16	
3	30	16	
3	31	16	
3	32	16	
3	33	16	
3	35	16	
3	36	16	
3	37	16	
3	38	16	
3	39	16	
3	40	16	
3	42	16	
3	43	16	
3	44	16	
3	45	16	
3	46	16	
3	47	16	
3	52	16	
3	54	16	
3	55	16	
3	56	16	
3	57	16	
3	60	16	
3	61	16	
3	62	16	
3	63	16	
3	52	48	
3	54	48	
3	57	48	
3	60	48	
3	61	48	
3	62	48	
3	63	48	
3	38	34	
3	40	34	
3	42	34	
3	44	34	
3	46	34	
3	47	34	
3	57	34	
3	61	34	
3	62	34	
3	63	34	
3	52	51	
3	55	51	
3	56	51	
3	57	51	
3	60	51	
3	61	51	
3	62	51	
3	63	51	
3	52	49	
3	54	49	
3	55	49	
3	56	49	
3	57	49	
3	60	49	
3	61	49	
3	62	49	
3	63	49	
3	42	41	
3	43	41	
3	45	41	
3	46	41	
3	47	41	
3	55	41	
3	56	41	
3	57	41	
3	60	41	
3	61	41	
3	63	41	
3	21	9	
3	22	9	
3	23	9	
3	24	9	
3	25	9	
3	26	9	
3	27	9	
3	28	9	
3	29	9	
3	30	9	
3	31	9	
3	32	9	
3	33	9	
3	35	9	
3	36	9	
3	37	9	
3	38	9	
3	40	9	
3	42	9	
3	44	9	
3	55	53	
3	56	53	
3	57	53	
3	60	53	
3	61	53	
3	62	53	
3	63	53	
4	17	16	
4	18	16	
4	19	16	
4	20	16	
4	21	16	
4	22	16	
4	23	16	
4	24	16	
4	25	16	
4	26	16	
4	27	16	
4	28	16	
4	29	16	
4	30	16	
4	31	16	
4	32	16	
4	33	16	
4	36	16	
4	37	16	
4	38	16	
4	39	16	
4	40	16	
4	42	16	
4	43	16	
4	44	16	
4	45	16	
4	46	16	
4	47	16	
4	52	16	
4	55	16	
4	56	16	
4	57	16	
4	60	16	
4	61	16	
4	62	16	
4	63	16	
4	52	48	
4	57	48	
4	60	48	
4	61	48	
4	62	48	
4	63	48	
4	38	34	
4	40	34	
4	42	34	
4	44	34	
4	46	34	
4	47	34	
4	57	34	
4	61	34	
4	62	34	
4	63	34	
4	36	35	
4	37	35	
4	38	35	
4	39	35	
4	40	35	
4	42	35	
4	44	35	
4	46	35	
4	47	35	
4	55	35	
4	57	35	
4	58	35	
4	61	35	
4	62	35	
4	63	35	
4	55	53	
4	56	53	
4	57	53	
4	60	53	
4	61	53	
4	62	53	
4	63	53	
4	52	51	
4	55	51	
4	56	51	
4	57	51	
4	60	51	
4	61	51	
4	62	51	
4	63	51	
4	52	49	
4	55	49	
4	56	49	
4	57	49	
4	60	49	
4	61	49	
4	62	49	
4	63	49	
4	42	41	
4	43	41	
4	45	41	
4	46	41	
4	47	41	
4	55	41	
4	56	41	
4	57	41	
4	60	41	
4	61	41	
4	63	41	
4	55	54	
4	56	54	
4	57	54	
4	60	54	
4	61	54	
4	63	54	
5	57	48	
5	60	48	
5	61	48	
5	62	48	
5	63	48	
5	42	41	
5	43	41	
5	45	41	
5	46	41	
5	47	41	
5	55	41	
5	56	41	
5	57	41	
5	60	41	
5	61	41	
5	63	41	
5	17	16	
5	18	16	
5	19	16	
5	20	16	
5	21	16	
5	24	16	
5	25	16	
5	26	16	
5	29	16	
5	30	16	
5	31	16	
5	32	16	
5	33	16	
5	38	16	
5	40	16	
5	42	16	
5	43	16	
5	44	16	
5	45	16	
5	46	16	
5	47	16	
5	55	16	
5	56	16	
5	57	16	
5	60	16	
5	61	16	
5	62	16	
5	63	16	
5	55	49	
5	56	49	
5	57	49	
5	60	49	
5	61	49	
5	62	49	
5	63	49	
5	55	51	
5	56	51	
5	57	51	
5	60	51	
5	61	51	
5	62	51	
5	63	51	
5	55	53	
5	56	53	
5	57	53	
5	60	53	
5	61	53	
5	62	53	
5	63	53	
5	55	54	
5	56	54	
5	57	54	
5	60	54	
5	61	54	
5	63	54	
5	21	9	
5	24	9	
5	25	9	
5	26	9	
5	29	9	
5	30	9	
5	31	9	
5	32	9	
5	33	9	
5	38	9	
5	40	9	
5	42	9	
5	44	9	
6	57	48	
6	60	48	
6	61	48	
6	62	48	
6	63	48	
6	36	35	
6	37	35	
6	38	35	
6	39	35	
6	40	35	
6	42	35	
6	44	35	
6	46	35	
6	47	35	
6	55	35	
6	57	35	
6	58	35	
6	61	35	
6	62	35	
6	63	35	
6	42	41	
6	43	41	
6	45	41	
6	46	41	
6	47	41	
6	55	41	
6	56	41	
6	57	41	
6	60	41	
6	61	41	
6	63	41	
6	21	10	
6	22	10	
6	23	10	
6	24	10	
6	26	10	
6	27	10	
6	28	10	
6	30	10	
6	31	10	
6	33	10	
6	36	10	
6	37	10	
6	38	10	
6	39	10	
6	43	10	
6	17	16	
6	18	16	
6	19	16	
6	20	16	
6	21	16	
6	22	16	
6	23	16	
6	24	16	
6	25	16	
6	26	16	
6	27	16	
6	28	16	
6	29	16	
6	30	16	
6	31	16	
6	32	16	
6	33	16	
6	34	16	
6	36	16	
6	37	16	
6	38	16	
6	39	16	
6	40	16	
6	42	16	
6	43	16	
6	44	16	
6	45	16	
6	46	16	
6	47	16	
6	55	16	
6	56	16	
6	57	16	
6	60	16	
6	61	16	
6	62	16	
6	63	16	
6	55	49	
6	56	49	
6	57	49	
6	60	49	
6	61	49	
6	62	49	
6	63	49	
6	55	50	
6	56	50	
6	57	50	
6	60	50	
6	61	50	
6	62	50	
6	63	50	
6	55	51	
6	56	51	
6	57	51	
6	60	51	
6	61	51	
6	62	51	
6	63	51	
6	55	53	
6	56	53	
6	57	53	
6	60	53	
6	61	53	
6	62	53	
6	63	53	
6	55	54	
6	56	54	
6	57	54	
6	60	54	
6	61	54	
6	63	54	
7	17	16	
7	18	16	
7	19	16	
7	20	16	
7	21	16	
7	22	16	
7	23	16	
7	26	16	
7	27	16	
7	28	16	
7	29	16	
7	30	16	
7	31	16	
7	32	16	
7	33	16	
7	35	16	
7	36	16	
7	37	16	
7	39	16	
7	40	16	
7	42	16	
7	43	16	
7	44	16	
7	45	16	
7	46	16	
7	47	16	
7	52	16	
7	54	16	
7	55	16	
7	56	16	
7	57	16	
7	59	16	
7	60	16	
7	61	16	
7	62	16	
7	63	16	
7	52	48	
7	54	48	
7	57	48	
7	59	48	
7	60	48	
7	61	48	
7	62	48	
7	63	48	
7	40	34	
7	42	34	
7	44	34	
7	46	34	
7	47	34	
7	57	34	
7	61	34	
7	62	34	
7	63	34	
7	52	49	
7	54	49	
7	55	49	
7	56	49	
7	57	49	
7	59	49	
7	60	49	
7	61	49	
7	62	49	
7	63	49	
7	42	38	
7	44	38	
7	46	38	
7	47	38	
7	55	38	
7	56	38	
7	60	38	
7	63	38	
7	28	25	
7	29	25	
7	30	25	
7	36	25	
7	37	25	
7	39	25	
7	42	25	
7	43	25	
7	44	25	
7	45	25	
7	46	25	
7	47	25	
7	55	25	
7	56	25	
7	57	25	
7	58	25	
7	60	25	
7	61	25	
7	62	25	
7	63	25	
7	28	24	
7	29	24	
7	30	24	
7	36	24	
7	37	24	
7	39	24	
7	42	24	
7	43	24	
7	44	24	
7	45	24	
7	46	24	
7	47	24	
7	50	24	
7	55	24	
7	56	24	
7	57	24	
7	58	24	
7	60	24	
7	61	24	
7	62	24	
7	63	24	
7	21	9	
7	22	9	
7	23	9	
7	26	9	
7	27	9	
7	28	9	
7	29	9	
7	30	9	
7	31	9	
7	32	9	
7	33	9	
7	35	9	
7	36	9	
7	37	9	
7	40	9	
7	42	9	
7	44	9	
7	55	53	
7	56	53	
7	57	53	
7	60	53	
7	61	53	
7	62	53	
7	63	53	
8	17	16	
8	18	16	
8	19	16	
8	20	16	
8	21	16	
8	22	16	
8	23	16	
8	24	16	
8	25	16	
8	26	16	
8	27	16	
8	28	16	
8	29	16	
8	30	16	
8	31	16	
8	32	16	
8	33	16	
8	34	16	
8	35	16	
8	36	16	
8	37	16	
8	39	16	
8	40	16	
8	42	16	
8	43	16	
8	44	16	
8	45	16	
8	46	16	
8	47	16	
8	52	16	
8	54	16	
8	55	16	
8	56	16	
8	57	16	
8	59	16	
8	60	16	
8	61	16	
8	62	16	
8	63	16	
8	52	49	
8	54	49	
8	55	49	
8	56	49	
8	57	49	
8	59	49	
8	60	49	
8	61	49	
8	62	49	
8	63	49	
8	52	51	
8	55	51	
8	56	51	
8	57	51	
8	60	51	
8	61	51	
8	62	51	
8	63	51	
8	55	53	
8	56	53	
8	57	53	
8	60	53	
8	61	53	
8	62	53	
8	63	53	
8	42	38	
8	44	38	
8	46	38	
8	47	38	
8	55	38	
8	56	38	
8	60	38	
8	63	38	
8	52	48	
8	54	48	
8	57	48	
8	59	48	
8	60	48	
8	61	48	
8	62	48	
8	63	48	
8	21	9	
8	22	9	
8	23	9	
8	24	9	
8	25	9	
8	26	9	
8	27	9	
8	28	9	
8	29	9	
8	30	9	
8	31	9	
8	32	9	
8	33	9	
8	35	9	
8	36	9	
8	37	9	
8	40	9	
8	42	9	
8	44	9	
9	17	16	
9	18	16	
9	19	16	
9	20	16	
9	39	16	
9	43	16	
9	45	16	
9	46	16	
9	47	16	
9	52	16	
9	54	16	
9	55	16	
9	56	16	
9	57	16	
9	60	16	
9	61	16	
9	62	16	
9	63	16	
9	52	48	
9	54	48	
9	57	48	
9	60	48	
9	61	48	
9	62	48	
9	63	48	
9	52	51	
9	55	51	
9	56	51	
9	57	51	
9	60	51	
9	61	51	
9	62	51	
9	63	51	
9	55	53	
9	56	53	
9	57	53	
9	60	53	
9	61	53	
9	62	53	
9	63	53	
9	52	49	
9	54	49	
9	55	49	
9	56	49	
9	57	49	
9	60	49	
9	61	49	
9	62	49	
9	63	49	
9	39	10	
9	41	10	
9	43	10	
10	17	16	
10	18	16	
10	19	16	
10	20	16	
10	25	16	
10	29	16	
10	32	16	
10	40	16	
10	42	16	
10	44	16	
10	45	16	
10	46	16	
10	47	16	
10	52	16	
10	54	16	
10	55	16	
10	56	16	
10	57	16	
10	60	16	
10	61	16	
10	62	16	
10	63	16	
10	52	48	
10	54	48	
10	57	48	
10	60	48	
10	61	48	
10	62	48	
10	63	48	
10	52	51	
10	55	51	
10	56	51	
10	57	51	
10	60	51	
10	61	51	
10	62	51	
10	63	51	
10	55	53	
10	56	53	
10	57	53	
10	60	53	
10	61	53	
10	62	53	
10	63	53	
10	52	49	
10	54	49	
10	55	49	
10	56	49	
10	57	49	
10	60	49	
10	61	49	
10	62	49	
10	63	49	
11	17	16	
11	18	16	
11	19	16	
11	20	16	
11	21	16	
11	22	16	
11	23	16	
11	24	16	
11	25	16	
11	26	16	
11	27	16	
11	28	16	
11	29	16	
11	30	16	
11	31	16	
11	32	16	
11	33	16	
11	35	16	
11	36	16	
11	37	16	
11	38	16	
11	39	16	
11	40	16	
11	42	16	
11	43	16	
11	44	16	
11	45	16	
11	46	16	
11	47	16	
11	54	16	
11	55	16	
11	56	16	
11	57	16	
11	60	16	
11	61	16	
11	62	16	
11	63	16	
11	54	48	
11	57	48	
11	60	48	
11	61	48	
11	62	48	
11	63	48	
11	38	34	
11	40	34	
11	42	34	
11	44	34	
11	46	34	
11	47	34	
11	57	34	
11	61	34	
11	62	34	
11	63	34	
11	55	51	
11	56	51	
11	57	51	
11	60	51	
11	61	51	
11	62	51	
11	63	51	
11	55	53	
11	56	53	
11	57	53	
11	60	53	
11	61	53	
11	62	53	
11	63	53	
11	54	49	
11	55	49	
11	56	49	
11	57	49	
11	60	49	
11	61	49	
11	62	49	
11	63	49	
11	55	50	
11	56	50	
11	57	50	
11	60	50	
11	61	50	
11	62	50	
11	63	50	
12	57	50	
12	57	51	
12	57	53	
12	57	49	
13	17	16	
13	18	16	
13	19	16	
13	20	16	
13	21	16	
13	22	16	
13	23	16	
13	24	16	
13	25	16	
13	26	16	
13	27	16	
13	28	16	
13	29	16	
13	30	16	
13	31	16	
13	32	16	
13	33	16	
13	34	16	
13	35	16	
13	36	16	
13	37	16	
13	38	16	
13	39	16	
13	40	16	
13	42	16	
13	43	16	
13	44	16	
13	45	16	
13	46	16	
13	47	16	
13	55	16	
13	56	16	
13	57	16	
13	60	16	
13	61	16	
13	62	16	
13	63	16	
13	55	49	
13	56	49	
13	57	49	
13	60	49	
13	61	49	
13	62	49	
13	63	49	
13	55	50	
13	56	50	
13	57	50	
13	60	50	
13	61	50	
13	62	50	
13	63	50	
13	55	51	
13	56	51	
13	57	51	
13	60	51	
13	61	51	
13	62	51	
13	63	51	
13	55	53	
13	56	53	
13	57	53	
13	60	53	
13	61	53	
13	62	53	
13	63	53	
13	55	54	
13	56	54	
13	57	54	
13	60	54	
13	61	54	
13	63	54	
13	57	48	
13	60	48	
13	61	48	
13	62	48	
13	63	48	
13	42	41	
13	43	41	
13	45	41	
13	46	41	
13	47	41	
13	55	41	
13	56	41	
13	57	41	
13	60	41	
13	61	41	
13	63	41	
14	17	16	
14	18	16	
14	19	16	
14	21	16	
14	22	16	
14	23	16	
14	24	16	
14	26	16	
14	27	16	
14	28	16	
14	29	16	
14	30	16	
14	31	16	
14	32	16	
14	33	16	
14	34	16	
14	35	16	
14	36	16	
14	37	16	
14	40	16	
14	42	16	
14	43	16	
14	44	16	
14	46	16	
14	54	16	
14	55	16	
14	56	16	
14	57	16	
14	59	16	
14	60	16	
14	61	16	
14	62	16	
14	63	16	
14	54	48	
14	57	48	
14	59	48	
14	60	48	
14	61	48	
14	62	48	
14	63	48	
14	55	53	
14	56	53	
14	57	53	
14	60	53	
14	61	53	
14	62	53	
14	63	53	
14	42	38	
14	44	38	
14	46	38	
14	55	38	
14	56	38	
14	60	38	
14	63	38	
14	54	49	
14	55	49	
14	56	49	
14	57	49	
14	59	49	
14	60	49	
14	61	49	
14	62	49	
14	63	49	
14	28	25	
14	29	25	
14	30	25	
14	36	25	
14	37	25	
14	42	25	
14	43	25	
14	44	25	
14	46	25	
14	55	25	
14	56	25	
14	57	25	
14	58	25	
14	60	25	
14	61	25	
14	62	25	
14	63	25	
14	55	47	
14	56	47	
14	60	47	
14	63	47	
15	17	16	
15	18	16	
15	19	16	
15	20	16	
15	21	16	
15	22	16	
15	23	16	
15	24	16	
15	25	16	
15	26	16	
15	27	16	
15	28	16	
15	29	16	
15	30	16	
15	31	16	
15	32	16	
15	33	16	
15	34	16	
15	35	16	
15	36	16	
15	37	16	
15	39	16	
15	40	16	
15	42	16	
15	43	16	
15	44	16	
15	45	16	
15	46	16	
15	52	16	
15	54	16	
15	55	16	
15	56	16	
15	57	16	
15	59	16	
15	60	16	
15	61	16	
15	62	16	
15	63	16	
15	52	48	
15	54	48	
15	57	48	
15	59	48	
15	60	48	
15	61	48	
15	62	48	
15	63	48	
15	52	51	
15	55	51	
15	56	51	
15	57	51	
15	60	51	
15	61	51	
15	62	51	
15	63	51	
15	55	53	
15	56	53	
15	57	53	
15	60	53	
15	61	53	
15	62	53	
15	63	53	
15	42	38	
15	44	38	
15	46	38	
15	55	38	
15	56	38	
15	60	38	
15	63	38	
15	52	49	
15	54	49	
15	55	49	
15	56	49	
15	57	49	
15	59	49	
15	60	49	
15	61	49	
15	62	49	
15	63	49	
15	42	41	
15	43	41	
15	45	41	
15	46	41	
15	55	41	
15	56	41	
15	57	41	
15	60	41	
15	61	41	
15	63	41	
15	55	47	
15	56	47	
15	60	47	
15	63	47	
17	52	48	
17	54	48	
17	57	48	
17	60	48	
17	61	48	
17	62	48	
17	63	48	
17	52	50	
17	55	50	
17	56	50	
17	57	50	
17	60	50	
17	61	50	
17	62	50	
17	63	50	
17	52	51	
17	55	51	
17	56	51	
17	57	51	
17	60	51	
17	61	51	
17	62	51	
17	63	51	
17	55	53	
17	56	53	
17	57	53	
17	60	53	
17	61	53	
17	62	53	
17	63	53	
17	52	49	
17	54	49	
17	55	49	
17	56	49	
17	57	49	
17	60	49	
17	61	49	
17	62	49	
17	63	49	
17	60	58	
17	61	58	
17	62	58	
17	63	58	
18	54	48	
18	57	48	
18	60	48	
18	61	48	
18	62	48	
18	63	48	
18	55	50	
18	56	50	
18	57	50	
18	60	50	
18	61	50	
18	62	50	
18	63	50	
18	55	51	
18	56	51	
18	57	51	
18	60	51	
18	61	51	
18	62	51	
18	63	51	
18	55	53	
18	56	53	
18	57	53	
18	60	53	
18	61	53	
18	62	53	
18	63	53	
18	54	49	
18	55	49	
18	56	49	
18	57	49	
18	60	49	
18	61	49	
18	62	49	
18	63	49	
18	60	58	
18	61	58	
18	62	58	
18	63	58	
19	57	48	
19	60	48	
19	61	48	
19	62	48	
19	63	48	
19	55	50	
19	56	50	
19	57	50	
19	60	50	
19	61	50	
19	62	50	
19	63	50	
19	55	51	
19	56	51	
19	57	51	
19	60	51	
19	61	51	
19	62	51	
19	63	51	
19	55	53	
19	56	53	
19	57	53	
19	60	53	
19	61	53	
19	62	53	
19	63	53	
19	55	54	
19	56	54	
19	57	54	
19	60	54	
19	61	54	
19	63	54	
19	55	49	
19	56	49	
19	57	49	
19	60	49	
19	61	49	
19	62	49	
19	63	49	
19	60	58	
19	61	58	
19	62	58	
19	63	58	
20	57	48	
20	60	48	
20	61	48	
20	62	48	
20	63	48	
20	55	50	
20	56	50	
20	57	50	
20	60	50	
20	61	50	
20	62	50	
20	63	50	
20	55	51	
20	56	51	
20	57	51	
20	60	51	
20	61	51	
20	62	51	
20	63	51	
20	55	53	
20	56	53	
20	57	53	
20	60	53	
20	61	53	
20	62	53	
20	63	53	
20	55	54	
20	56	54	
20	57	54	
20	60	54	
20	61	54	
20	63	54	
20	55	49	
20	56	49	
20	57	49	
20	60	49	
20	61	49	
20	62	49	
20	63	49	
20	60	58	
20	61	58	
20	62	58	
20	63	58	
21	42	34	
21	44	34	
21	46	34	
21	47	34	
21	57	34	
21	61	34	
21	62	34	
21	63	34	
21	42	38	
21	44	38	
21	46	38	
21	47	38	
21	55	38	
21	56	38	
21	60	38	
21	63	38	
21	42	40	
21	42	41	
21	43	41	
21	45	41	
21	46	41	
21	47	41	
21	55	41	
21	56	41	
21	57	41	
21	60	41	
21	61	41	
21	63	41	
21	52	49	
21	55	49	
21	56	49	
21	57	49	
21	60	49	
21	61	49	
21	62	49	
21	63	49	
21	52	51	
21	55	51	
21	56	51	
21	57	51	
21	60	51	
21	61	51	
21	62	51	
21	63	51	
21	55	53	
21	56	53	
21	57	53	
21	60	53	
21	61	53	
21	62	53	
21	63	53	
21	55	54	
21	56	54	
21	57	54	
21	60	54	
21	61	54	
21	63	54	
21	28	25	
21	29	25	
21	30	25	
21	36	25	
21	37	25	
21	39	25	
21	42	25	
21	43	25	
21	44	25	
21	45	25	
21	46	25	
21	47	25	
21	55	25	
21	56	25	
21	57	25	
21	58	25	
21	60	25	
21	61	25	
21	62	25	
21	63	25	
22	36	35	
22	37	35	
22	39	35	
22	42	35	
22	44	35	
22	46	35	
22	47	35	
22	55	35	
22	57	35	
22	58	35	
22	61	35	
22	62	35	
22	63	35	
22	42	38	
22	44	38	
22	46	38	
22	47	38	
22	55	38	
22	56	38	
22	60	38	
22	63	38	
22	42	40	
22	42	41	
22	43	41	
22	45	41	
22	46	41	
22	47	41	
22	55	41	
22	56	41	
22	57	41	
22	60	41	
22	61	41	
22	63	41	
22	52	49	
22	55	49	
22	56	49	
22	57	49	
22	60	49	
22	61	49	
22	62	49	
22	63	49	
22	52	50	
22	55	50	
22	56	50	
22	57	50	
22	60	50	
22	61	50	
22	62	50	
22	63	50	
22	52	51	
22	55	51	
22	56	51	
22	57	51	
22	60	51	
22	61	51	
22	62	51	
22	63	51	
22	55	53	
22	56	53	
22	57	53	
22	60	53	
22	61	53	
22	62	53	
22	63	53	
22	55	54	
22	56	54	
22	57	54	
22	60	54	
22	61	54	
22	63	54	
23	36	35	
23	37	35	
23	38	35	
23	39	35	
23	40	35	
23	42	35	
23	44	35	
23	46	35	
23	47	35	
23	55	35	
23	57	35	
23	58	35	
23	61	35	
23	62	35	
23	63	35	
23	42	41	
23	43	41	
23	45	41	
23	46	41	
23	47	41	
23	55	41	
23	56	41	
23	57	41	
23	60	41	
23	61	41	
23	63	41	
23	52	49	
23	55	49	
23	56	49	
23	57	49	
23	60	49	
23	61	49	
23	62	49	
23	63	49	
23	52	51	
23	55	51	
23	56	51	
23	57	51	
23	60	51	
23	61	51	
23	62	51	
23	63	51	
23	55	53	
23	56	53	
23	57	53	
23	60	53	
23	61	53	
23	62	53	
23	63	53	
23	55	54	
23	56	54	
23	57	54	
23	60	54	
23	61	54	
23	63	54	
23	28	25	
23	29	25	
23	30	25	
23	36	25	
23	37	25	
23	39	25	
23	42	25	
23	43	25	
23	44	25	
23	45	25	
23	46	25	
23	47	25	
23	55	25	
23	56	25	
23	57	25	
23	58	25	
23	60	25	
23	61	25	
23	62	25	
23	63	25	
24	52	48	
24	52	49	
24	52	51	
25	52	49	
25	52	51	
26	52	48	
26	57	48	
26	60	48	
26	61	48	
26	62	48	
26	63	48	
26	38	34	
26	40	34	
26	42	34	
26	44	34	
26	46	34	
26	47	34	
26	57	34	
26	61	34	
26	62	34	
26	63	34	
26	36	35	
26	37	35	
26	38	35	
26	39	35	
26	40	35	
26	42	35	
26	44	35	
26	46	35	
26	47	35	
26	55	35	
26	57	35	
26	58	35	
26	61	35	
26	62	35	
26	63	35	
26	42	41	
26	43	41	
26	45	41	
26	46	41	
26	47	41	
26	55	41	
26	56	41	
26	57	41	
26	60	41	
26	61	41	
26	63	41	
26	52	49	
26	55	49	
26	56	49	
26	57	49	
26	60	49	
26	61	49	
26	62	49	
26	63	49	
26	52	51	
26	55	51	
26	56	51	
26	57	51	
26	60	51	
26	61	51	
26	62	51	
26	63	51	
26	55	53	
26	56	53	
26	57	53	
26	60	53	
26	61	53	
26	62	53	
26	63	53	
26	55	54	
26	56	54	
26	57	54	
26	60	54	
26	61	54	
26	63	54	
27	52	49	
27	55	49	
27	56	49	
27	57	49	
27	60	49	
27	61	49	
27	62	49	
27	63	49	
27	36	35	
27	37	35	
27	38	35	
27	39	35	
27	40	35	
27	42	35	
27	44	35	
27	46	35	
27	47	35	
27	55	35	
27	57	35	
27	58	35	
27	61	35	
27	62	35	
27	63	35	
27	52	51	
27	55	51	
27	56	51	
27	57	51	
27	60	51	
27	61	51	
27	62	51	
27	63	51	
27	42	41	
27	43	41	
27	45	41	
27	46	41	
27	47	41	
27	55	41	
27	56	41	
27	57	41	
27	60	41	
27	61	41	
27	63	41	
27	55	54	
27	56	54	
27	57	54	
27	60	54	
27	61	54	
27	63	54	
27	55	53	
27	56	53	
27	57	53	
27	60	53	
27	61	53	
27	62	53	
27	63	53	
28	38	35	
28	39	35	
28	40	35	
28	42	35	
28	44	35	
28	46	35	
28	47	35	
28	55	35	
28	57	35	
28	58	35	
28	61	35	
28	62	35	
28	63	35	
28	52	49	
28	55	49	
28	56	49	
28	57	49	
28	60	49	
28	61	49	
28	62	49	
28	63	49	
28	52	50	
28	55	50	
28	56	50	
28	57	50	
28	60	50	
28	61	50	
28	62	50	
28	63	50	
28	52	51	
28	55	51	
28	56	51	
28	57	51	
28	60	51	
28	61	51	
28	62	51	
28	63	51	
28	55	53	
28	56	53	
28	57	53	
28	60	53	
28	61	53	
28	62	53	
28	63	53	
28	55	54	
28	56	54	
28	57	54	
28	60	54	
28	61	54	
28	63	54	
28	38	37	
28	40	37	
28	42	37	
28	44	37	
29	52	48	
29	54	48	
29	57	48	
29	59	48	
29	60	48	
29	61	48	
29	62	48	
29	63	48	
29	44	34	
29	46	34	
29	47	34	
29	57	34	
29	61	34	
29	62	34	
29	63	34	
29	36	35	
29	39	35	
29	44	35	
29	46	35	
29	47	35	
29	55	35	
29	57	35	
29	58	35	
29	61	35	
29	62	35	
29	63	35	
29	44	37	
29	52	49	
29	54	49	
29	55	49	
29	56	49	
29	57	49	
29	59	49	
29	60	49	
29	61	49	
29	62	49	
29	63	49	
29	52	50	
29	55	50	
29	56	50	
29	57	50	
29	60	50	
29	61	50	
29	62	50	
29	63	50	
29	55	53	
29	56	53	
29	57	53	
29	60	53	
29	61	53	
29	62	53	
29	63	53	
30	52	48	
30	57	48	
30	59	48	
30	60	48	
30	61	48	
30	62	48	
30	63	48	
30	42	34	
30	44	34	
30	46	34	
30	47	34	
30	57	34	
30	61	34	
30	62	34	
30	63	34	
30	36	35	
30	39	35	
30	42	35	
30	44	35	
30	46	35	
30	47	35	
30	55	35	
30	57	35	
30	58	35	
30	61	35	
30	62	35	
30	63	35	
30	42	37	
30	44	37	
30	42	38	
30	44	38	
30	46	38	
30	47	38	
30	55	38	
30	56	38	
30	60	38	
30	63	38	
30	42	40	
30	52	49	
30	55	49	
30	56	49	
30	57	49	
30	59	49	
30	60	49	
30	61	49	
30	62	49	
30	63	49	
30	52	51	
30	55	51	
30	56	51	
30	57	51	
30	60	51	
30	61	51	
30	62	51	
30	63	51	
30	55	53	
30	56	53	
30	57	53	
30	60	53	
30	61	53	
30	62	53	
30	63	53	
30	55	54	
30	56	54	
30	57	54	
30	60	54	
30	61	54	
30	63	54	
30	42	41	
30	43	41	
30	45	41	
30	46	41	
30	47	41	
30	55	41	
30	56	41	
30	57	41	
30	60	41	
30	61	41	
30	63	41	
31	52	48	
31	57	48	
31	60	48	
31	61	48	
31	62	48	
31	63	48	
31	42	34	
31	44	34	
31	46	34	
31	47	34	
31	57	34	
31	61	34	
31	62	34	
31	63	34	
31	42	38	
31	44	38	
31	46	38	
31	47	38	
31	55	38	
31	56	38	
31	60	38	
31	63	38	
31	42	40	
31	42	41	
31	43	41	
31	45	41	
31	46	41	
31	47	41	
31	55	41	
31	56	41	
31	57	41	
31	60	41	
31	61	41	
31	63	41	
31	52	49	
31	55	49	
31	56	49	
31	57	49	
31	60	49	
31	61	49	
31	62	49	
31	63	49	
31	52	51	
31	55	51	
31	56	51	
31	57	51	
31	60	51	
31	61	51	
31	62	51	
31	63	51	
31	55	53	
31	56	53	
31	57	53	
31	60	53	
31	61	53	
31	62	53	
31	63	53	
31	55	54	
31	56	54	
31	57	54	
31	60	54	
31	61	54	
31	63	54	
32	52	48	
32	57	48	
32	60	48	
32	61	48	
32	62	48	
32	63	48	
32	42	38	
32	44	38	
32	46	38	
32	47	38	
32	55	38	
32	56	38	
32	60	38	
32	63	38	
32	42	40	
32	42	41	
32	43	41	
32	45	41	
32	46	41	
32	47	41	
32	55	41	
32	56	41	
32	57	41	
32	60	41	
32	61	41	
32	63	41	
32	42	34	
32	44	34	
32	46	34	
32	47	34	
32	57	34	
32	61	34	
32	62	34	
32	63	34	
32	52	49	
32	55	49	
32	56	49	
32	57	49	
32	60	49	
32	61	49	
32	62	49	
32	63	49	
32	52	51	
32	55	51	
32	56	51	
32	57	51	
32	60	51	
32	61	51	
32	62	51	
32	63	51	
32	55	53	
32	56	53	
32	57	53	
32	60	53	
32	61	53	
32	62	53	
32	63	53	
32	55	54	
32	56	54	
32	57	54	
32	60	54	
32	61	54	
32	63	54	
33	52	48	
33	57	48	
33	60	48	
33	61	48	
33	62	48	
33	63	48	
33	36	35	
33	37	35	
33	38	35	
33	39	35	
33	40	35	
33	42	35	
33	44	35	
33	46	35	
33	47	35	
33	55	35	
33	57	35	
33	58	35	
33	61	35	
33	62	35	
33	63	35	
33	52	49	
33	55	49	
33	56	49	
33	57	49	
33	60	49	
33	61	49	
33	62	49	
33	63	49	
33	52	51	
33	55	51	
33	56	51	
33	57	51	
33	60	51	
33	61	51	
33	62	51	
33	63	51	
33	42	41	
33	43	41	
33	45	41	
33	46	41	
33	47	41	
33	55	41	
33	56	41	
33	57	41	
33	60	41	
33	61	41	
33	63	41	
33	55	54	
33	56	54	
33	57	54	
33	60	54	
33	61	54	
33	63	54	
33	55	53	
33	56	53	
33	57	53	
33	60	53	
33	61	53	
33	62	53	
33	63	53	
34	52	48	
34	60	48	
34	43	41	
34	45	41	
34	55	41	
34	56	41	
34	60	41	
34	52	49	
34	55	49	
34	56	49	
34	60	49	
34	52	51	
34	55	51	
34	56	51	
34	60	51	
34	55	53	
34	56	53	
34	60	53	
35	52	48	
35	60	48	
35	43	41	
35	45	41	
35	56	41	
35	60	41	
35	52	49	
35	56	49	
35	60	49	
35	52	51	
35	56	51	
35	60	51	
35	56	53	
35	60	53	
36	52	48	
36	57	48	
36	60	48	
36	61	48	
36	62	48	
36	63	48	
36	42	41	
36	43	41	
36	45	41	
36	46	41	
36	47	41	
36	49	41	
36	55	41	
36	56	41	
36	57	41	
36	60	41	
36	61	41	
36	63	41	
36	52	51	
36	55	51	
36	56	51	
36	57	51	
36	60	51	
36	61	51	
36	62	51	
36	63	51	
36	55	53	
36	56	53	
36	57	53	
36	60	53	
36	61	53	
36	62	53	
36	63	53	
36	55	54	
36	56	54	
36	57	54	
36	60	54	
36	61	54	
36	63	54	
37	43	41	
37	45	41	
37	46	41	
37	47	41	
37	49	41	
37	55	41	
37	56	41	
37	57	41	
37	60	41	
37	61	41	
37	63	41	
37	52	50	
37	55	50	
37	56	50	
37	57	50	
37	60	50	
37	61	50	
37	62	50	
37	63	50	
37	52	51	
37	55	51	
37	56	51	
37	57	51	
37	60	51	
37	61	51	
37	62	51	
37	63	51	
37	55	53	
37	56	53	
37	57	53	
37	60	53	
37	61	53	
37	62	53	
37	63	53	
37	55	54	
37	56	54	
37	57	54	
37	60	54	
37	61	54	
37	63	54	
38	52	49	
38	54	49	
38	57	49	
38	59	49	
38	61	49	
38	62	49	
38	52	50	
38	57	50	
38	61	50	
38	62	50	
38	57	53	
38	61	53	
38	62	53	
38	43	41	
38	45	41	
38	57	41	
38	61	41	
39	42	41	
39	43	41	
39	45	41	
39	46	41	
39	47	41	
39	49	41	
39	55	41	
39	56	41	
39	57	41	
39	60	41	
39	61	41	
39	63	41	
39	55	51	
39	56	51	
39	57	51	
39	60	51	
39	61	51	
39	62	51	
39	63	51	
39	55	53	
39	56	53	
39	57	53	
39	60	53	
39	61	53	
39	62	53	
39	63	53	
39	55	54	
39	56	54	
39	57	54	
39	60	54	
39	61	54	
39	63	54	
40	52	48	
40	57	48	
40	59	48	
40	60	48	
40	61	48	
40	62	48	
40	63	48	
40	55	47	
40	56	47	
40	60	47	
40	63	47	
40	52	49	
40	55	49	
40	56	49	
40	57	49	
40	59	49	
40	60	49	
40	61	49	
40	62	49	
40	63	49	
40	52	50	
40	55	50	
40	56	50	
40	57	50	
40	60	50	
40	61	50	
40	62	50	
40	63	50	
40	55	53	
40	56	53	
40	57	53	
40	60	53	
40	61	53	
40	62	53	
40	63	53	
40	55	54	
40	56	54	
40	57	54	
40	60	54	
40	61	54	
40	63	54	
41	62	53	
42	52	48	
42	57	48	
42	59	48	
42	60	48	
42	61	48	
42	62	48	
42	63	48	
42	55	47	
42	56	47	
42	60	47	
42	63	47	
42	52	50	
42	55	50	
42	56	50	
42	57	50	
42	60	50	
42	61	50	
42	62	50	
42	63	50	
42	55	53	
42	56	53	
42	57	53	
42	60	53	
42	61	53	
42	62	53	
42	63	53	
42	55	54	
42	56	54	
42	57	54	
42	60	54	
42	61	54	
42	63	54	
43	52	48	
43	57	48	
43	60	48	
43	61	48	
43	62	48	
43	63	48	
43	55	53	
43	56	53	
43	57	53	
43	60	53	
43	61	53	
43	62	53	
43	63	53	
43	55	54	
43	56	54	
43	57	54	
43	60	54	
43	61	54	
43	63	54	
44	52	48	
44	54	48	
44	57	48	
44	59	48	
44	60	48	
44	61	48	
44	62	48	
44	63	48	
44	55	47	
44	56	47	
44	60	47	
44	63	47	
44	52	49	
44	54	49	
44	55	49	
44	56	49	
44	57	49	
44	59	49	
44	60	49	
44	61	49	
44	62	49	
44	63	49	
44	52	50	
44	55	50	
44	56	50	
44	57	50	
44	60	50	
44	61	50	
44	62	50	
44	63	50	
44	55	53	
44	56	53	
44	57	53	
44	60	53	
44	61	53	
44	62	53	
44	63	53	
45	57	48	
45	60	48	
45	61	48	
45	62	48	
45	63	48	
45	55	49	
45	56	49	
45	57	49	
45	60	49	
45	61	49	
45	62	49	
45	63	49	
45	55	50	
45	56	50	
45	57	50	
45	60	50	
45	61	50	
45	62	50	
45	63	50	
45	55	51	
45	56	51	
45	57	51	
45	60	51	
45	61	51	
45	62	51	
45	63	51	
45	55	53	
45	56	53	
45	57	53	
45	60	53	
45	61	53	
45	62	53	
45	63	53	
45	55	54	
45	56	54	
45	57	54	
45	60	54	
45	61	54	
45	63	54	
46	52	48	
46	54	48	
46	57	48	
46	59	48	
46	60	48	
46	61	48	
46	62	48	
46	63	48	
46	52	49	
46	54	49	
46	55	49	
46	56	49	
46	57	49	
46	59	49	
46	60	49	
46	61	49	
46	62	49	
46	63	49	
46	55	53	
46	56	53	
46	57	53	
46	60	53	
46	61	53	
46	62	53	
46	63	53	
46	55	47	
46	56	47	
46	60	47	
46	63	47	
47	52	49	
47	54	49	
47	57	49	
47	59	49	
47	61	49	
47	62	49	
47	52	50	
47	57	50	
47	61	50	
47	62	50	
47	52	51	
47	57	51	
47	61	51	
47	62	51	
47	57	53	
47	61	53	
47	62	53	
47	61	58	
47	62	58	
48	55	49	
48	56	49	
52	60	58	
52	61	58	
52	62	58	
52	63	58	
55	60	56	
55	60	58	
55	61	58	
55	62	58	
55	63	58	
56	61	58	
56	62	58	
56	63	58	
57	60	58	
57	61	58	
57	62	58	
57	63	58	
21	24	0	
17	18	16	
17	19	16	
17	20	16	
17	21	16	
17	22	16	
17	23	16	
17	24	16	
17	25	16	
17	26	16	
17	27	16	
17	28	16	
17	29	16	
17	30	16	
17	31	16	
17	32	16	
17	33	16	
17	34	16	
17	35	16	
17	36	16	
17	37	16	
17	38	16	
17	39	16	
17	40	16	
17	42	16	
17	43	16	
17	44	16	
17	45	16	
17	46	16	
17	47	16	
17	52	16	
17	54	16	
17	55	16	
17	56	16	
17	57	16	
17	60	16	
17	61	16	
17	62	16	
17	63	16	
18	19	16	
18	20	16	
18	22	16	
18	23	16	
18	24	16	
18	25	16	
18	26	16	
18	27	16	
18	28	16	
18	29	16	
18	30	16	
18	31	16	
18	32	16	
18	33	16	
18	34	16	
18	35	16	
18	36	16	
18	37	16	
18	38	16	
18	39	16	
18	40	16	
18	42	16	
18	43	16	
18	44	16	
18	45	16	
18	46	16	
18	47	16	
18	54	16	
18	55	16	
18	56	16	
18	57	16	
18	60	16	
18	61	16	
18	62	16	
18	63	16	
19	20	16	
19	21	16	
19	22	16	
19	23	16	
19	24	16	
19	25	16	
19	26	16	
19	27	16	
19	28	16	
19	29	16	
19	30	16	
19	31	16	
19	32	16	
19	33	16	
19	34	16	
19	35	16	
19	36	16	
19	37	16	
19	38	16	
19	39	16	
19	40	16	
19	42	16	
19	43	16	
19	44	16	
19	45	16	
19	46	16	
19	47	16	
19	55	16	
19	56	16	
19	57	16	
19	60	16	
19	61	16	
19	62	16	
19	63	16	
20	21	16	
20	22	16	
20	23	16	
20	24	16	
20	25	16	
20	26	16	
20	27	16	
20	28	16	
20	29	16	
20	30	16	
20	31	16	
20	32	16	
20	33	16	
20	34	16	
20	35	16	
20	36	16	
20	37	16	
20	38	16	
20	39	16	
20	40	16	
20	42	16	
20	43	16	
20	44	16	
20	45	16	
20	46	16	
20	47	16	
20	55	16	
20	56	16	
20	57	16	
20	60	16	
20	61	16	
20	62	16	
20	63	16	
20	39	14	
20	41	14	
20	45	14	
21	29	0	
21	30	0	
21	22	10	
21	23	10	
21	24	10	
21	26	10	
21	27	10	
21	28	10	
21	30	10	
21	31	10	
21	33	10	
21	35	10	
21	36	10	
21	37	10	
21	39	10	
21	43	10	
21	22	16	
21	23	16	
21	24	16	
21	26	16	
21	27	16	
21	28	16	
21	29	16	
21	30	16	
21	31	16	
21	32	16	
21	33	16	
21	35	16	
21	36	16	
21	37	16	
21	39	16	
21	42	16	
21	43	16	
21	44	16	
21	45	16	
21	46	16	
21	47	16	
21	48	16	
21	52	16	
21	55	16	
21	56	16	
21	57	16	
21	60	16	
21	61	16	
21	62	16	
21	63	16	
21	22	9	
21	23	9	
21	24	9	
21	26	9	
21	27	9	
21	28	9	
21	29	9	
21	30	9	
21	31	9	
21	32	9	
21	33	9	
21	35	9	
21	36	9	
21	37	9	
21	42	9	
21	44	9	
22	23	5	
22	27	5	
22	28	5	
22	36	5	
22	37	5	
22	39	5	
22	23	10	
22	24	10	
22	26	10	
22	27	10	
22	28	10	
22	30	10	
22	31	10	
22	33	10	
22	36	10	
22	37	10	
22	39	10	
22	43	10	
22	23	16	
22	24	16	
22	25	16	
22	26	16	
22	27	16	
22	28	16	
22	29	16	
22	30	16	
22	31	16	
22	32	16	
22	33	16	
22	34	16	
22	36	16	
22	37	16	
22	39	16	
22	42	16	
22	43	16	
22	44	16	
22	45	16	
22	46	16	
22	47	16	
22	48	16	
22	52	16	
22	55	16	
22	56	16	
22	57	16	
22	60	16	
22	61	16	
22	62	16	
22	63	16	
22	23	9	
22	24	9	
22	25	9	
22	26	9	
22	27	9	
22	28	9	
22	29	9	
22	30	9	
22	31	9	
22	32	9	
22	33	9	
22	36	9	
22	37	9	
22	42	9	
22	44	9	
23	27	5	
23	28	5	
23	36	5	
23	37	5	
23	39	5	
23	24	10	
23	26	10	
23	27	10	
23	28	10	
23	30	10	
23	31	10	
23	33	10	
23	36	10	
23	37	10	
23	38	10	
23	39	10	
23	43	10	
23	24	16	
23	26	16	
23	27	16	
23	28	16	
23	29	16	
23	30	16	
23	31	16	
23	32	16	
23	33	16	
23	34	16	
23	36	16	
23	37	16	
23	38	16	
23	39	16	
23	40	16	
23	42	16	
23	43	16	
23	44	16	
23	45	16	
23	46	16	
23	47	16	
23	48	16	
23	52	16	
23	55	16	
23	56	16	
23	57	16	
23	60	16	
23	61	16	
23	62	16	
23	63	16	
23	24	9	
23	26	9	
23	27	9	
23	28	9	
23	29	9	
23	30	9	
23	31	9	
23	32	9	
23	33	9	
23	36	9	
23	37	9	
23	38	9	
23	40	9	
23	42	9	
23	44	9	
24	26	10	
24	27	10	
24	31	10	
24	33	10	
24	35	10	
24	26	16	
24	27	16	
24	31	16	
24	32	16	
24	33	16	
24	35	16	
24	52	16	
24	26	9	
24	27	9	
24	31	9	
24	32	9	
24	33	9	
24	35	9	
25	26	16	
25	27	16	
25	31	16	
25	32	16	
25	33	16	
25	52	16	
25	26	9	
25	27	9	
25	31	9	
25	32	9	
25	33	9	
26	27	10	
26	28	10	
26	30	10	
26	31	10	
26	33	10	
26	36	10	
26	37	10	
26	38	10	
26	39	10	
26	43	10	
26	27	16	
26	28	16	
26	29	16	
26	30	16	
26	31	16	
26	32	16	
26	33	16	
26	36	16	
26	37	16	
26	38	16	
26	39	16	
26	40	16	
26	42	16	
26	43	16	
26	44	16	
26	45	16	
26	46	16	
26	47	16	
26	52	16	
26	55	16	
26	56	16	
26	57	16	
26	60	16	
26	61	16	
26	62	16	
26	63	16	
26	27	9	
26	28	9	
26	29	9	
26	30	9	
26	31	9	
26	32	9	
26	33	9	
26	36	9	
26	37	9	
26	38	9	
26	40	9	
26	42	9	
26	44	9	
27	28	16	
27	29	16	
27	30	16	
27	31	16	
27	32	16	
27	33	16	
27	34	16	
27	36	16	
27	37	16	
27	38	16	
27	39	16	
27	40	16	
27	42	16	
27	43	16	
27	44	16	
27	45	16	
27	46	16	
27	47	16	
27	48	16	
27	52	16	
27	55	16	
27	56	16	
27	57	16	
27	60	16	
27	61	16	
27	62	16	
27	63	16	
27	28	5	
27	36	5	
27	37	5	
27	39	5	
27	28	9	
27	29	9	
27	30	9	
27	31	9	
27	32	9	
27	33	9	
27	36	9	
27	37	9	
27	38	9	
27	40	9	
27	42	9	
27	44	9	
27	28	10	
27	30	10	
27	31	10	
27	33	10	
27	36	10	
27	37	10	
27	38	10	
27	39	10	
27	43	10	
28	39	5	
28	29	9	
28	30	9	
28	31	9	
28	32	9	
28	33	9	
28	38	9	
28	40	9	
28	42	9	
28	44	9	
28	30	10	
28	31	10	
28	33	10	
28	38	10	
28	39	10	
28	41	10	
28	43	10	
28	29	16	
28	30	16	
28	31	16	
28	32	16	
28	33	16	
28	34	16	
28	38	16	
28	39	16	
28	40	16	
28	42	16	
28	43	16	
28	44	16	
28	45	16	
28	46	16	
28	47	16	
28	48	16	
28	52	16	
28	55	16	
28	56	16	
28	57	16	
28	60	16	
28	61	16	
28	62	16	
28	63	16	
28	29	24	
28	30	24	
28	39	24	
28	42	24	
28	43	24	
28	44	24	
28	45	24	
28	46	24	
28	47	24	
28	55	24	
28	56	24	
28	57	24	
28	58	24	
28	60	24	
28	61	24	
28	62	24	
28	63	24	
28	29	25	
28	30	25	
28	39	25	
28	42	25	
28	43	25	
28	44	25	
28	45	25	
28	46	25	
28	47	25	
28	55	25	
28	56	25	
28	57	25	
28	58	25	
28	60	25	
28	61	25	
28	62	25	
28	63	25	
29	30	0	
29	30	9	
29	31	9	
29	32	9	
29	33	9	
29	36	9	
29	44	9	
29	30	16	
29	31	16	
29	32	16	
29	33	16	
29	36	16	
29	39	16	
29	43	16	
29	44	16	
29	45	16	
29	46	16	
29	47	16	
29	52	16	
29	54	16	
29	55	16	
29	56	16	
29	57	16	
29	59	16	
29	60	16	
29	61	16	
29	62	16	
29	63	16	
29	30	24	
29	36	24	
29	39	24	
29	43	24	
29	44	24	
29	45	24	
29	46	24	
29	47	24	
29	55	24	
29	56	24	
29	57	24	
29	58	24	
29	60	24	
29	61	24	
29	62	24	
29	63	24	
29	30	25	
29	36	25	
29	39	25	
29	43	25	
29	44	25	
29	45	25	
29	46	25	
29	47	25	
29	55	25	
29	56	25	
29	57	25	
29	58	25	
29	60	25	
29	61	25	
29	62	25	
29	63	25	
30	31	9	
30	32	9	
30	33	9	
30	36	9	
30	42	9	
30	44	9	
30	31	10	
30	33	10	
30	36	10	
30	39	10	
30	43	10	
30	31	16	
30	32	16	
30	33	16	
30	36	16	
30	39	16	
30	42	16	
30	43	16	
30	44	16	
30	45	16	
30	46	16	
30	47	16	
30	52	16	
30	55	16	
30	56	16	
30	57	16	
30	59	16	
30	60	16	
30	61	16	
30	62	16	
30	63	16	
30	36	24	
30	39	24	
30	42	24	
30	43	24	
30	44	24	
30	45	24	
30	46	24	
30	47	24	
30	50	24	
30	55	24	
30	56	24	
30	57	24	
30	58	24	
30	60	24	
30	61	24	
30	62	24	
30	63	24	
30	36	25	
30	39	25	
30	42	25	
30	43	25	
30	44	25	
30	45	25	
30	46	25	
30	47	25	
30	55	25	
30	56	25	
30	57	25	
30	58	25	
30	60	25	
30	61	25	
30	62	25	
30	63	25	
31	33	10	
31	35	10	
31	36	10	
31	37	10	
31	39	10	
31	43	10	
31	32	16	
31	33	16	
31	35	16	
31	36	16	
31	37	16	
31	39	16	
31	42	16	
31	43	16	
31	44	16	
31	45	16	
31	46	16	
31	47	16	
31	52	16	
31	55	16	
31	56	16	
31	57	16	
31	60	16	
31	61	16	
31	62	16	
31	63	16	
31	32	9	
31	33	9	
31	35	9	
31	36	9	
31	37	9	
31	42	9	
31	44	9	
32	33	16	
32	35	16	
32	36	16	
32	37	16	
32	39	16	
32	42	16	
32	43	16	
32	44	16	
32	45	16	
32	46	16	
32	47	16	
32	52	16	
32	55	16	
32	56	16	
32	57	16	
32	60	16	
32	61	16	
32	62	16	
32	63	16	
32	33	9	
32	35	9	
32	36	9	
32	37	9	
32	42	9	
32	44	9	
33	34	16	
33	36	16	
33	37	16	
33	38	16	
33	39	16	
33	40	16	
33	42	16	
33	43	16	
33	44	16	
33	45	16	
33	46	16	
33	47	16	
33	52	16	
33	55	16	
33	56	16	
33	57	16	
33	60	16	
33	61	16	
33	62	16	
33	63	16	
33	36	9	
33	37	9	
33	38	9	
33	40	9	
33	42	9	
33	44	9	
33	36	10	
33	37	10	
33	38	10	
33	39	10	
33	43	10	
34	36	16	
34	37	16	
34	39	16	
34	43	16	
34	45	16	
34	52	16	
34	55	16	
34	56	16	
34	60	16	
35	43	10	
35	43	16	
35	45	16	
35	52	16	
35	56	16	
35	60	16	
36	37	35	
36	38	35	
36	39	35	
36	40	35	
36	42	35	
36	44	35	
36	46	35	
36	47	35	
36	55	35	
36	57	35	
36	58	35	
36	61	35	
36	62	35	
36	63	35	
36	37	5	
36	39	5	
36	37	10	
36	38	10	
36	39	10	
36	43	10	
36	37	16	
36	38	16	
36	39	16	
36	40	16	
36	42	16	
36	43	16	
36	44	16	
36	45	16	
36	46	16	
36	47	16	
36	52	16	
36	55	16	
36	56	16	
36	57	16	
36	60	16	
36	61	16	
36	62	16	
36	63	16	
36	37	9	
36	38	9	
36	40	9	
36	42	9	
36	44	9	
36	37	24	
36	39	24	
36	42	24	
36	43	24	
36	44	24	
36	45	24	
36	46	24	
36	47	24	
36	50	24	
36	55	24	
36	56	24	
36	57	24	
36	58	24	
36	60	24	
36	61	24	
36	62	24	
36	63	24	
36	37	25	
36	39	25	
36	42	25	
36	43	25	
36	44	25	
36	45	25	
36	46	25	
36	47	25	
36	55	25	
36	56	25	
36	57	25	
36	58	25	
36	60	25	
36	61	25	
36	62	25	
36	63	25	
37	39	35	
37	46	35	
37	47	35	
37	55	35	
37	57	35	
37	58	35	
37	61	35	
37	62	35	
37	63	35	
37	39	5	
37	39	10	
37	43	10	
37	39	16	
37	43	16	
37	45	16	
37	46	16	
37	47	16	
37	48	16	
37	52	16	
37	55	16	
37	56	16	
37	57	16	
37	60	16	
37	61	16	
37	62	16	
37	63	16	
37	39	24	
37	43	24	
37	45	24	
37	46	24	
37	47	24	
37	55	24	
37	56	24	
37	57	24	
37	58	24	
37	60	24	
37	61	24	
37	62	24	
37	63	24	
37	39	25	
37	43	25	
37	45	25	
37	46	25	
37	47	25	
37	55	25	
37	56	25	
37	57	25	
37	58	25	
37	60	25	
37	61	25	
37	62	25	
37	63	25	
38	57	34	
38	61	34	
38	62	34	
38	39	35	
38	57	35	
38	58	35	
38	61	35	
38	62	35	
38	39	10	
38	43	10	
38	39	16	
38	43	16	
38	45	16	
38	52	16	
38	54	16	
38	57	16	
38	59	16	
38	61	16	
38	62	16	
39	40	35	
39	42	35	
39	44	35	
39	46	35	
39	47	35	
39	55	35	
39	57	35	
39	58	35	
39	61	35	
39	62	35	
39	63	35	
39	43	10	
39	45	14	
39	40	16	
39	42	16	
39	43	16	
39	44	16	
39	45	16	
39	46	16	
39	47	16	
39	48	16	
39	55	16	
39	56	16	
39	57	16	
39	60	16	
39	61	16	
39	62	16	
39	63	16	
39	42	24	
39	43	24	
39	44	24	
39	45	24	
39	46	24	
39	47	24	
39	50	24	
39	55	24	
39	56	24	
39	57	24	
39	58	24	
39	60	24	
39	61	24	
39	62	24	
39	63	24	
39	42	25	
39	43	25	
39	44	25	
39	45	25	
39	46	25	
39	47	25	
39	55	25	
39	56	25	
39	57	25	
39	58	25	
39	60	25	
39	61	25	
39	62	25	
39	63	25	
40	46	34	
40	57	34	
40	61	34	
40	62	34	
40	63	34	
40	46	35	
40	55	35	
40	57	35	
40	58	35	
40	61	35	
40	62	35	
40	63	35	
40	43	16	
40	45	16	
40	46	16	
40	52	16	
40	55	16	
40	56	16	
40	57	16	
40	59	16	
40	60	16	
40	61	16	
40	62	16	
40	63	16	
42	46	34	
42	57	34	
42	61	34	
42	62	34	
42	63	34	
42	46	35	
42	55	35	
42	57	35	
42	58	35	
42	61	35	
42	62	35	
42	63	35	
42	46	38	
42	55	38	
42	56	38	
42	60	38	
42	63	38	
42	43	16	
42	45	16	
42	46	16	
42	52	16	
42	55	16	
42	56	16	
42	57	16	
42	59	16	
42	60	16	
42	61	16	
42	62	16	
42	63	16	
42	43	41	
42	45	41	
42	46	41	
42	49	41	
42	55	41	
42	56	41	
42	57	41	
42	60	41	
42	61	41	
42	63	41	
42	43	24	
42	45	24	
42	46	24	
42	55	24	
42	56	24	
42	57	24	
42	58	24	
42	60	24	
42	61	24	
42	62	24	
42	63	24	
42	43	25	
42	45	25	
42	46	25	
42	55	25	
42	56	25	
42	57	25	
42	58	25	
42	60	25	
42	61	25	
42	62	25	
42	63	25	
43	44	16	
43	45	16	
43	46	16	
43	47	16	
43	52	16	
43	55	16	
43	56	16	
43	57	16	
43	60	16	
43	61	16	
43	62	16	
43	63	16	
43	44	25	
43	45	25	
43	46	25	
43	47	25	
43	55	25	
43	56	25	
43	57	25	
43	58	25	
43	60	25	
43	61	25	
43	62	25	
43	63	25	
43	44	24	
43	45	24	
43	46	24	
43	47	24	
43	50	24	
43	55	24	
43	56	24	
43	57	24	
43	58	24	
43	60	24	
43	61	24	
43	62	24	
43	63	24	
43	45	41	
43	46	41	
43	47	41	
43	49	41	
43	55	41	
43	56	41	
43	57	41	
43	60	41	
43	61	41	
43	63	41	
44	46	34	
44	57	34	
44	61	34	
44	62	34	
44	63	34	
44	46	35	
44	55	35	
44	57	35	
44	58	35	
44	61	35	
44	62	35	
44	63	35	
44	46	38	
44	55	38	
44	56	38	
44	60	38	
44	63	38	
44	45	16	
44	46	16	
44	52	16	
44	54	16	
44	55	16	
44	56	16	
44	57	16	
44	59	16	
44	60	16	
44	61	16	
44	62	16	
44	63	16	
44	45	24	
44	46	24	
44	55	24	
44	56	24	
44	57	24	
44	58	24	
44	60	24	
44	61	24	
44	62	24	
44	63	24	
44	45	25	
44	46	25	
44	55	25	
44	56	25	
44	57	25	
44	58	25	
44	60	25	
44	61	25	
44	62	25	
44	63	25	
45	46	41	
45	47	41	
45	55	41	
45	56	41	
45	57	41	
45	60	41	
45	61	41	
45	63	41	
45	46	16	
45	47	16	
45	55	16	
45	56	16	
45	57	16	
45	60	16	
45	61	16	
45	62	16	
45	63	16	
45	46	24	
45	47	24	
45	55	24	
45	56	24	
45	57	24	
45	58	24	
45	60	24	
45	61	24	
45	62	24	
45	63	24	
45	46	25	
45	47	25	
45	55	25	
45	56	25	
45	57	25	
45	58	25	
45	60	25	
45	61	25	
45	62	25	
45	63	25	
46	52	16	
46	54	16	
46	55	16	
46	56	16	
46	57	16	
46	59	16	
46	60	16	
46	61	16	
46	62	16	
46	63	16	
46	57	34	
46	61	34	
46	62	34	
46	63	34	
46	55	35	
46	57	35	
46	58	35	
46	61	35	
46	62	35	
46	63	35	
46	55	38	
46	56	38	
46	60	38	
46	63	38	
46	55	41	
46	56	41	
46	57	41	
46	60	41	
46	61	41	
46	63	41	
46	50	24	
46	55	24	
46	56	24	
46	57	24	
46	58	24	
46	60	24	
46	61	24	
46	62	24	
46	63	24	
46	55	25	
46	56	25	
46	57	25	
46	58	25	
46	60	25	
46	61	25	
46	62	25	
46	63	25	
47	57	34	
47	61	34	
47	62	34	
47	57	35	
47	61	35	
47	62	35	
47	57	41	
47	61	41	
47	61	12	
47	62	12	
47	52	16	
47	54	16	
47	57	16	
47	59	16	
47	61	16	
47	62	16	
47	57	24	
47	61	24	
47	62	24	
47	57	25	
47	61	25	
47	62	25	
48	55	16	
48	56	16	
52	55	16	
52	56	16	
52	57	16	
52	60	16	
52	61	16	
52	62	16	
52	63	16	
52	57	48	
52	60	48	
52	61	48	
52	62	48	
52	63	48	
52	55	50	
52	56	50	
52	57	50	
52	60	50	
52	61	50	
52	62	50	
52	63	50	
52	55	51	
52	56	51	
52	57	51	
52	60	51	
52	61	51	
52	62	51	
52	63	51	
52	55	49	
52	56	49	
52	57	49	
52	60	49	
52	61	49	
52	62	49	
52	63	49	
55	57	35	
55	61	35	
55	62	35	
55	63	35	
55	60	38	
55	63	38	
55	57	41	
55	60	41	
55	61	41	
55	63	41	
55	60	12	
55	61	12	
55	62	12	
55	63	12	
55	60	47	
55	63	47	
55	57	16	
55	59	16	
55	60	16	
55	61	16	
55	62	16	
55	63	16	
55	57	49	
55	59	49	
55	60	49	
55	61	49	
55	62	49	
55	63	49	
55	57	50	
55	60	50	
55	61	50	
55	62	50	
55	63	50	
55	57	51	
55	60	51	
55	61	51	
55	62	51	
55	63	51	
55	57	53	
55	60	53	
55	61	53	
55	62	53	
55	63	53	
55	57	54	
55	60	54	
55	61	54	
55	63	54	
55	57	24	
55	60	24	
55	61	24	
55	62	24	
55	63	24	
55	57	25	
55	60	25	
55	61	25	
55	62	25	
55	63	25	
56	63	38	
56	57	41	
56	61	41	
56	63	41	
56	61	12	
56	62	12	
56	63	12	
56	63	47	
56	57	16	
56	59	16	
56	61	16	
56	62	16	
56	63	16	
56	57	49	
56	59	49	
56	61	49	
56	62	49	
56	63	49	
56	57	50	
56	61	50	
56	62	50	
56	63	50	
56	57	51	
56	61	51	
56	62	51	
56	63	51	
56	57	53	
56	61	53	
56	62	53	
56	63	53	
56	57	54	
56	61	54	
56	63	54	
56	57	24	
56	61	24	
56	62	24	
56	63	24	
56	57	25	
56	61	25	
56	62	25	
56	63	25	
57	60	48	
57	61	48	
57	62	48	
57	63	48	
57	61	34	
57	62	34	
57	63	34	
57	61	35	
57	62	35	
57	63	35	
57	60	41	
57	61	41	
57	63	41	
57	60	16	
57	61	16	
57	62	16	
57	63	16	
57	60	49	
57	61	49	
57	62	49	
57	63	49	
57	60	50	
57	61	50	
57	62	50	
57	63	50	
57	60	51	
57	61	51	
57	62	51	
57	63	51	
57	60	53	
57	61	53	
57	62	53	
57	63	53	
57	60	54	
57	61	54	
57	63	54	
57	60	24	
57	61	24	
57	62	24	
57	63	24	
57	60	25	
57	61	25	
57	62	25	
57	63	25	
59	60	48	
59	61	48	
59	63	48	
59	60	16	
59	61	16	
59	63	16	
59	60	49	
59	61	49	
59	63	49	
60	61	48	
60	62	48	
60	63	48	
60	63	38	
60	61	41	
60	63	41	
60	61	12	
60	62	12	
60	63	12	
60	63	47	
60	61	16	
60	62	16	
60	63	16	
60	61	49	
60	62	49	
60	63	49	
60	61	50	
60	62	50	
60	63	50	
60	61	51	
60	62	51	
60	63	51	
60	61	53	
60	62	53	
60	63	53	
60	61	54	
60	63	54	
60	61	24	
60	62	24	
60	63	24	
60	61	25	
60	62	25	
60	63	25	
60	61	58	
60	62	58	
60	63	58	
61	62	48	
61	63	48	
61	62	34	
61	63	34	
61	62	35	
61	63	35	
61	63	41	
61	62	12	
61	63	12	
61	62	16	
61	63	16	
61	62	49	
61	63	49	
61	62	50	
61	63	50	
61	62	51	
61	63	51	
61	62	53	
61	63	53	
61	63	54	
61	62	24	
61	63	24	
61	62	25	
61	63	25	
61	62	58	
61	63	58	
62	63	48	
62	63	34	
62	63	35	
62	63	12	
62	63	16	
62	63	49	
62	63	50	
62	63	51	
62	63	53	
62	63	24	
62	63	25	
62	63	58	
1	2	16	
1	3	16	
1	4	16	
1	5	16	
1	6	16	
1	7	16	
1	8	16	
1	11	16	
1	13	16	
1	14	16	
1	15	16	
1	2	48	
1	3	48	
1	4	48	
1	5	48	
1	6	48	
1	7	48	
1	8	48	
1	11	48	
1	13	48	
1	14	48	
1	15	48	
1	17	48	
1	18	48	
1	19	48	
1	20	48	
1	24	48	
1	26	48	
1	29	48	
1	30	48	
1	31	48	
1	32	48	
1	33	48	
1	34	48	
1	35	48	
1	36	48	
1	40	48	
1	42	48	
1	43	48	
1	44	48	
1	45	48	
1	46	48	
1	2	51	
1	3	51	
1	4	51	
1	5	51	
1	6	51	
1	8	51	
1	11	51	
1	12	51	
1	13	51	
1	15	51	
1	17	51	
1	18	51	
1	19	51	
1	20	51	
1	21	51	
1	22	51	
1	23	51	
1	24	51	
1	25	51	
1	26	51	
1	27	51	
1	28	51	
1	30	51	
1	31	51	
1	32	51	
1	33	51	
1	34	51	
1	35	51	
1	36	51	
1	37	51	
1	39	51	
1	45	51	
1	47	51	
1	2	49	
1	3	49	
1	4	49	
1	5	49	
1	6	49	
1	7	49	
1	8	49	
1	11	49	
1	12	49	
1	13	49	
1	14	49	
1	15	49	
1	17	49	
1	18	49	
1	19	49	
1	20	49	
1	21	49	
1	22	49	
1	23	49	
1	24	49	
1	25	49	
1	26	49	
1	27	49	
1	28	49	
1	29	49	
1	30	49	
1	31	49	
1	32	49	
1	33	49	
1	34	49	
1	35	49	
1	40	49	
1	44	49	
1	45	49	
1	46	49	
1	47	49	
1	2	38	
1	7	38	
1	8	38	
1	14	38	
1	15	38	
1	21	38	
1	22	38	
1	30	38	
1	31	38	
1	32	38	
1	2	41	
1	3	41	
1	4	41	
1	5	41	
1	6	41	
1	13	41	
1	15	41	
1	21	41	
1	22	41	
1	23	41	
1	26	41	
1	27	41	
1	30	41	
1	31	41	
1	32	41	
1	33	41	
1	34	41	
1	35	41	
1	36	41	
1	37	41	
1	39	41	
1	2	9	
1	3	9	
1	5	9	
1	7	9	
1	8	9	
1	6	10	
1	4	54	
1	5	54	
1	6	54	
1	13	54	
1	19	54	
1	20	54	
1	21	54	
1	22	54	
1	23	54	
1	26	54	
1	27	54	
1	28	54	
1	30	54	
1	31	54	
1	32	54	
1	33	54	
1	36	54	
1	37	54	
1	39	54	
1	40	54	
1	42	54	
1	43	54	
1	45	54	
1	2	59	
1	3	59	
1	4	59	
1	5	59	
1	6	59	
1	11	59	
1	13	59	
1	17	59	
1	18	59	
1	19	59	
1	20	59	
1	21	59	
1	22	59	
1	23	59	
1	26	59	
1	27	59	
1	28	59	
1	31	59	
1	32	59	
1	33	59	
1	36	59	
1	37	59	
1	39	59	
1	43	59	
1	45	59	
1	52	59	
1	57	59	
1	2	53	
1	3	53	
1	4	53	
1	5	53	
1	6	53	
1	7	53	
1	8	53	
1	11	53	
1	12	53	
1	13	53	
1	14	53	
1	15	53	
1	17	53	
1	18	53	
1	19	53	
1	20	53	
1	21	53	
1	22	53	
1	23	53	
1	26	53	
1	27	53	
1	28	53	
1	29	53	
1	30	53	
1	31	53	
1	32	53	
1	33	53	
1	34	53	
1	35	53	
1	36	53	
1	37	53	
1	39	53	
1	40	53	
1	42	53	
1	43	53	
1	44	53	
1	45	53	
1	46	53	
1	47	53	
2	3	16	
2	4	16	
2	5	16	
2	6	16	
2	7	16	
2	8	16	
2	10	16	
2	11	16	
2	13	16	
2	14	16	
2	15	16	
2	3	48	
2	4	48	
2	5	48	
2	6	48	
2	7	48	
2	8	48	
2	10	48	
2	11	48	
2	13	48	
2	14	48	
2	15	48	
2	17	48	
2	18	48	
2	19	48	
2	20	48	
2	24	48	
2	26	48	
2	29	48	
2	30	48	
2	31	48	
2	33	48	
2	35	48	
2	36	48	
2	40	48	
2	42	48	
2	43	48	
2	44	48	
2	45	48	
2	46	48	
2	3	34	
2	4	34	
2	7	34	
2	11	34	
2	21	34	
2	24	34	
2	25	34	
2	26	34	
2	29	34	
2	30	34	
2	31	34	
2	3	51	
2	4	51	
2	5	51	
2	6	51	
2	8	51	
2	10	51	
2	11	51	
2	12	51	
2	13	51	
2	15	51	
2	17	51	
2	18	51	
2	19	51	
2	20	51	
2	21	51	
2	22	51	
2	23	51	
2	24	51	
2	25	51	
2	26	51	
2	27	51	
2	28	51	
2	30	51	
2	31	51	
2	33	51	
2	35	51	
2	36	51	
2	37	51	
2	39	51	
2	45	51	
2	47	51	
2	3	49	
2	4	49	
2	5	49	
2	6	49	
2	7	49	
2	8	49	
2	10	49	
2	11	49	
2	12	49	
2	13	49	
2	14	49	
2	15	49	
2	17	49	
2	18	49	
2	19	49	
2	20	49	
2	21	49	
2	22	49	
2	23	49	
2	24	49	
2	25	49	
2	26	49	
2	27	49	
2	28	49	
2	29	49	
2	30	49	
2	31	49	
2	33	49	
2	35	49	
2	40	49	
2	44	49	
2	45	49	
2	46	49	
2	47	49	
2	7	38	
2	8	38	
2	14	38	
2	15	38	
2	21	38	
2	22	38	
2	30	38	
2	31	38	
2	3	41	
2	4	41	
2	5	41	
2	6	41	
2	13	41	
2	15	41	
2	21	41	
2	22	41	
2	23	41	
2	26	41	
2	27	41	
2	30	41	
2	31	41	
2	33	41	
2	35	41	
2	36	41	
2	37	41	
2	39	41	
2	3	9	
2	5	9	
2	7	9	
2	8	9	
2	3	59	
2	4	59	
2	5	59	
2	6	59	
2	10	59	
2	11	59	
2	13	59	
2	17	59	
2	18	59	
2	19	59	
2	20	59	
2	21	59	
2	22	59	
2	23	59	
2	26	59	
2	27	59	
2	28	59	
2	31	59	
2	33	59	
2	36	59	
2	37	59	
2	39	59	
2	43	59	
2	45	59	
2	52	59	
2	57	59	
2	3	53	
2	4	53	
2	5	53	
2	6	53	
2	7	53	
2	8	53	
2	10	53	
2	11	53	
2	12	53	
2	13	53	
2	14	53	
2	15	53	
2	17	53	
2	18	53	
2	19	53	
2	20	53	
2	21	53	
2	22	53	
2	23	53	
2	26	53	
2	27	53	
2	28	53	
2	29	53	
2	30	53	
2	31	53	
2	33	53	
2	35	53	
2	36	53	
2	37	53	
2	39	53	
2	40	53	
2	42	53	
2	43	53	
2	44	53	
2	45	53	
2	46	53	
2	47	53	
3	4	16	
3	5	16	
3	6	16	
3	7	16	
3	8	16	
3	10	16	
3	11	16	
3	13	16	
3	14	16	
3	15	16	
3	4	48	
3	5	48	
3	6	48	
3	7	48	
3	8	48	
3	10	48	
3	11	48	
3	13	48	
3	14	48	
3	15	48	
3	17	48	
3	18	48	
3	19	48	
3	20	48	
3	24	48	
3	26	48	
3	29	48	
3	30	48	
3	31	48	
3	32	48	
3	33	48	
3	35	48	
3	36	48	
3	40	48	
3	42	48	
3	43	48	
3	44	48	
3	45	48	
3	46	48	
3	4	34	
3	7	34	
3	11	34	
3	21	34	
3	24	34	
3	25	34	
3	26	34	
3	29	34	
3	30	34	
3	31	34	
3	32	34	
3	4	51	
3	5	51	
3	6	51	
3	8	51	
3	10	51	
3	11	51	
3	12	51	
3	13	51	
3	15	51	
3	17	51	
3	18	51	
3	19	51	
3	20	51	
3	21	51	
3	22	51	
3	23	51	
3	24	51	
3	25	51	
3	26	51	
3	27	51	
3	28	51	
3	30	51	
3	31	51	
3	32	51	
3	33	51	
3	35	51	
3	36	51	
3	37	51	
3	39	51	
3	45	51	
3	47	51	
3	4	49	
3	5	49	
3	6	49	
3	7	49	
3	8	49	
3	10	49	
3	11	49	
3	12	49	
3	13	49	
3	14	49	
3	15	49	
3	17	49	
3	18	49	
3	19	49	
3	20	49	
3	21	49	
3	22	49	
3	23	49	
3	24	49	
3	25	49	
3	26	49	
3	27	49	
3	28	49	
3	29	49	
3	30	49	
3	31	49	
3	32	49	
3	33	49	
3	35	49	
3	38	49	
3	40	49	
3	44	49	
3	45	49	
3	46	49	
3	47	49	
3	4	41	
3	5	41	
3	6	41	
3	13	41	
3	15	41	
3	21	41	
3	22	41	
3	23	41	
3	26	41	
3	27	41	
3	30	41	
3	31	41	
3	32	41	
3	33	41	
3	35	41	
3	36	41	
3	37	41	
3	38	41	
3	39	41	
3	5	9	
3	7	9	
3	8	9	
3	4	59	
3	5	59	
3	6	59	
3	10	59	
3	11	59	
3	13	59	
3	17	59	
3	18	59	
3	19	59	
3	20	59	
3	21	59	
3	22	59	
3	23	59	
3	26	59	
3	27	59	
3	28	59	
3	31	59	
3	32	59	
3	33	59	
3	36	59	
3	37	59	
3	39	59	
3	43	59	
3	45	59	
3	52	59	
3	57	59	
3	4	53	
3	5	53	
3	6	53	
3	7	53	
3	8	53	
3	10	53	
3	11	53	
3	12	53	
3	13	53	
3	14	53	
3	15	53	
3	17	53	
3	18	53	
3	19	53	
3	20	53	
3	21	53	
3	22	53	
3	23	53	
3	26	53	
3	27	53	
3	28	53	
3	29	53	
3	30	53	
3	31	53	
3	32	53	
3	33	53	
3	35	53	
3	36	53	
3	37	53	
3	38	53	
3	39	53	
3	40	53	
3	42	53	
3	43	53	
3	44	53	
3	45	53	
3	46	53	
3	47	53	
4	5	16	
4	6	16	
4	7	16	
4	8	16	
4	9	16	
4	10	16	
4	11	16	
4	13	16	
4	14	16	
4	15	16	
4	5	48	
4	6	48	
4	7	48	
4	8	48	
4	9	48	
4	10	48	
4	11	48	
4	13	48	
4	14	48	
4	15	48	
4	17	48	
4	18	48	
4	19	48	
4	20	48	
4	24	48	
4	26	48	
4	29	48	
4	30	48	
4	31	48	
4	32	48	
4	33	48	
4	36	48	
4	40	48	
4	42	48	
4	43	48	
4	44	48	
4	45	48	
4	46	48	
4	7	34	
4	11	34	
4	21	34	
4	24	34	
4	25	34	
4	26	34	
4	29	34	
4	30	34	
4	31	34	
4	32	34	
4	6	35	
4	22	35	
4	23	35	
4	25	35	
4	26	35	
4	27	35	
4	28	35	
4	29	35	
4	30	35	
4	33	35	
4	5	53	
4	6	53	
4	7	53	
4	8	53	
4	9	53	
4	10	53	
4	11	53	
4	12	53	
4	13	53	
4	14	53	
4	15	53	
4	17	53	
4	18	53	
4	19	53	
4	20	53	
4	21	53	
4	22	53	
4	23	53	
4	26	53	
4	27	53	
4	28	53	
4	29	53	
4	30	53	
4	31	53	
4	32	53	
4	33	53	
4	36	53	
4	37	53	
4	38	53	
4	39	53	
4	40	53	
4	42	53	
4	43	53	
4	44	53	
4	45	53	
4	46	53	
4	47	53	
4	5	51	
4	6	51	
4	8	51	
4	9	51	
4	10	51	
4	11	51	
4	12	51	
4	13	51	
4	15	51	
4	17	51	
4	18	51	
4	19	51	
4	20	51	
4	21	51	
4	22	51	
4	23	51	
4	24	51	
4	25	51	
4	26	51	
4	27	51	
4	28	51	
4	30	51	
4	31	51	
4	32	51	
4	33	51	
4	36	51	
4	37	51	
4	39	51	
4	45	51	
4	47	51	
4	5	49	
4	6	49	
4	7	49	
4	8	49	
4	9	49	
4	10	49	
4	11	49	
4	12	49	
4	13	49	
4	14	49	
4	15	49	
4	17	49	
4	18	49	
4	19	49	
4	20	49	
4	21	49	
4	22	49	
4	23	49	
4	24	49	
4	25	49	
4	26	49	
4	27	49	
4	28	49	
4	29	49	
4	30	49	
4	31	49	
4	32	49	
4	33	49	
4	38	49	
4	40	49	
4	44	49	
4	45	49	
4	46	49	
4	47	49	
4	5	41	
4	6	41	
4	13	41	
4	15	41	
4	21	41	
4	22	41	
4	23	41	
4	26	41	
4	27	41	
4	30	41	
4	31	41	
4	32	41	
4	33	41	
4	36	41	
4	37	41	
4	38	41	
4	39	41	
4	5	54	
4	6	54	
4	13	54	
4	19	54	
4	20	54	
4	21	54	
4	22	54	
4	23	54	
4	26	54	
4	27	54	
4	28	54	
4	30	54	
4	31	54	
4	32	54	
4	33	54	
4	36	54	
4	37	54	
4	39	54	
4	40	54	
4	42	54	
4	43	54	
4	45	54	
4	5	59	
4	6	59	
4	9	59	
4	10	59	
4	11	59	
4	13	59	
4	17	59	
4	18	59	
4	19	59	
4	20	59	
4	21	59	
4	22	59	
4	23	59	
4	26	59	
4	27	59	
4	28	59	
4	31	59	
4	32	59	
4	33	59	
4	36	59	
4	37	59	
4	39	59	
4	43	59	
4	45	59	
4	52	59	
4	57	59	
5	6	48	
5	7	48	
5	8	48	
5	10	48	
5	11	48	
5	13	48	
5	14	48	
5	15	48	
5	17	48	
5	18	48	
5	19	48	
5	20	48	
5	24	48	
5	26	48	
5	29	48	
5	30	48	
5	31	48	
5	32	48	
5	33	48	
5	40	48	
5	42	48	
5	43	48	
5	44	48	
5	45	48	
5	46	48	
5	6	41	
5	13	41	
5	15	41	
5	21	41	
5	26	41	
5	30	41	
5	31	41	
5	32	41	
5	33	41	
5	38	41	
5	6	16	
5	7	16	
5	8	16	
5	10	16	
5	11	16	
5	13	16	
5	14	16	
5	15	16	
5	6	49	
5	7	49	
5	8	49	
5	10	49	
5	11	49	
5	12	49	
5	13	49	
5	14	49	
5	15	49	
5	17	49	
5	18	49	
5	19	49	
5	20	49	
5	21	49	
5	24	49	
5	25	49	
5	26	49	
5	29	49	
5	30	49	
5	31	49	
5	32	49	
5	33	49	
5	38	49	
5	40	49	
5	44	49	
5	45	49	
5	46	49	
5	47	49	
5	6	51	
5	8	51	
5	10	51	
5	11	51	
5	12	51	
5	13	51	
5	15	51	
5	17	51	
5	18	51	
5	19	51	
5	20	51	
5	21	51	
5	24	51	
5	25	51	
5	26	51	
5	30	51	
5	31	51	
5	32	51	
5	33	51	
5	45	51	
5	47	51	
5	6	52	
5	11	52	
5	12	52	
5	13	52	
5	18	52	
5	19	52	
5	20	52	
5	45	52	
5	6	53	
5	7	53	
5	8	53	
5	10	53	
5	11	53	
5	12	53	
5	13	53	
5	14	53	
5	15	53	
5	17	53	
5	18	53	
5	19	53	
5	20	53	
5	21	53	
5	26	53	
5	29	53	
5	30	53	
5	31	53	
5	32	53	
5	33	53	
5	38	53	
5	40	53	
5	42	53	
5	43	53	
5	44	53	
5	45	53	
5	46	53	
5	47	53	
5	6	54	
5	13	54	
5	19	54	
5	20	54	
5	21	54	
5	26	54	
5	30	54	
5	31	54	
5	32	54	
5	33	54	
5	40	54	
5	42	54	
5	43	54	
5	45	54	
5	7	9	
5	8	9	
5	6	59	
5	10	59	
5	11	59	
5	13	59	
5	17	59	
5	18	59	
5	19	59	
5	20	59	
5	21	59	
5	26	59	
5	31	59	
5	32	59	
5	33	59	
5	43	59	
5	45	59	
5	57	59	
6	7	48	
6	8	48	
6	9	48	
6	11	48	
6	13	48	
6	14	48	
6	15	48	
6	17	48	
6	18	48	
6	19	48	
6	20	48	
6	24	48	
6	26	48	
6	29	48	
6	30	48	
6	31	48	
6	32	48	
6	33	48	
6	34	48	
6	36	48	
6	40	48	
6	42	48	
6	43	48	
6	44	48	
6	45	48	
6	46	48	
6	22	35	
6	23	35	
6	25	35	
6	26	35	
6	27	35	
6	28	35	
6	29	35	
6	30	35	
6	33	35	
6	13	41	
6	15	41	
6	21	41	
6	22	41	
6	23	41	
6	26	41	
6	27	41	
6	30	41	
6	31	41	
6	32	41	
6	33	41	
6	34	41	
6	36	41	
6	37	41	
6	38	41	
6	39	41	
6	9	10	
6	7	16	
6	8	16	
6	9	16	
6	11	16	
6	13	16	
6	14	16	
6	15	16	
6	7	49	
6	8	49	
6	9	49	
6	11	49	
6	12	49	
6	13	49	
6	14	49	
6	15	49	
6	17	49	
6	18	49	
6	19	49	
6	20	49	
6	21	49	
6	22	49	
6	23	49	
6	24	49	
6	25	49	
6	26	49	
6	27	49	
6	28	49	
6	29	49	
6	30	49	
6	31	49	
6	32	49	
6	33	49	
6	34	49	
6	38	49	
6	40	49	
6	44	49	
6	45	49	
6	46	49	
6	47	49	
6	11	50	
6	12	50	
6	13	50	
6	17	50	
6	18	50	
6	19	50	
6	20	50	
6	22	50	
6	28	50	
6	29	50	
6	37	50	
6	38	50	
6	40	50	
6	42	50	
6	44	50	
6	45	50	
6	47	50	
6	8	51	
6	9	51	
6	11	51	
6	12	51	
6	13	51	
6	15	51	
6	17	51	
6	18	51	
6	19	51	
6	20	51	
6	21	51	
6	22	51	
6	23	51	
6	24	51	
6	25	51	
6	26	51	
6	27	51	
6	28	51	
6	30	51	
6	31	51	
6	32	51	
6	33	51	
6	34	51	
6	36	51	
6	37	51	
6	39	51	
6	45	51	
6	47	51	
6	11	52	
6	12	52	
6	13	52	
6	18	52	
6	19	52	
6	20	52	
6	39	52	
6	45	52	
6	7	53	
6	8	53	
6	9	53	
6	11	53	
6	12	53	
6	13	53	
6	14	53	
6	15	53	
6	17	53	
6	18	53	
6	19	53	
6	20	53	
6	21	53	
6	22	53	
6	23	53	
6	26	53	
6	27	53	
6	28	53	
6	29	53	
6	30	53	
6	31	53	
6	32	53	
6	33	53	
6	34	53	
6	36	53	
6	37	53	
6	38	53	
6	39	53	
6	40	53	
6	42	53	
6	43	53	
6	44	53	
6	45	53	
6	46	53	
6	47	53	
6	13	54	
6	19	54	
6	20	54	
6	21	54	
6	22	54	
6	23	54	
6	26	54	
6	27	54	
6	28	54	
6	30	54	
6	31	54	
6	32	54	
6	33	54	
6	36	54	
6	37	54	
6	39	54	
6	40	54	
6	42	54	
6	43	54	
6	45	54	
6	9	59	
6	11	59	
6	13	59	
6	17	59	
6	18	59	
6	19	59	
6	20	59	
6	21	59	
6	22	59	
6	23	59	
6	26	59	
6	27	59	
6	28	59	
6	31	59	
6	32	59	
6	33	59	
6	36	59	
6	37	59	
6	39	59	
6	43	59	
6	45	59	
6	57	59	
7	8	16	
7	10	16	
7	11	16	
7	13	16	
7	14	16	
7	15	16	
7	8	48	
7	10	48	
7	11	48	
7	13	48	
7	14	48	
7	15	48	
7	17	48	
7	18	48	
7	19	48	
7	20	48	
7	26	48	
7	29	48	
7	30	48	
7	31	48	
7	32	48	
7	33	48	
7	35	48	
7	36	48	
7	40	48	
7	42	48	
7	43	48	
7	44	48	
7	45	48	
7	46	48	
7	11	34	
7	21	34	
7	26	34	
7	29	34	
7	30	34	
7	31	34	
7	32	34	
7	8	49	
7	10	49	
7	11	49	
7	12	49	
7	13	49	
7	14	49	
7	15	49	
7	17	49	
7	18	49	
7	19	49	
7	20	49	
7	21	49	
7	22	49	
7	23	49	
7	26	49	
7	27	49	
7	28	49	
7	29	49	
7	30	49	
7	31	49	
7	32	49	
7	33	49	
7	35	49	
7	40	49	
7	44	49	
7	45	49	
7	46	49	
7	47	49	
7	8	38	
7	14	38	
7	15	38	
7	21	38	
7	22	38	
7	30	38	
7	31	38	
7	32	38	
7	14	25	
7	21	25	
7	23	25	
7	8	9	
7	8	53	
7	10	53	
7	11	53	
7	12	53	
7	13	53	
7	14	53	
7	15	53	
7	17	53	
7	18	53	
7	19	53	
7	20	53	
7	21	53	
7	22	53	
7	23	53	
7	26	53	
7	27	53	
7	28	53	
7	29	53	
7	30	53	
7	31	53	
7	32	53	
7	33	53	
7	35	53	
7	36	53	
7	37	53	
7	39	53	
7	40	53	
7	41	53	
7	42	53	
7	43	53	
7	44	53	
7	45	53	
7	46	53	
7	47	53	
8	10	16	
8	11	16	
8	13	16	
8	14	16	
8	15	16	
8	10	49	
8	11	49	
8	12	49	
8	13	49	
8	14	49	
8	15	49	
8	17	49	
8	18	49	
8	19	49	
8	20	49	
8	21	49	
8	22	49	
8	23	49	
8	24	49	
8	25	49	
8	26	49	
8	27	49	
8	28	49	
8	29	49	
8	30	49	
8	31	49	
8	32	49	
8	33	49	
8	34	49	
8	35	49	
8	40	49	
8	44	49	
8	45	49	
8	46	49	
8	47	49	
8	10	51	
8	11	51	
8	12	51	
8	13	51	
8	15	51	
8	17	51	
8	18	51	
8	19	51	
8	20	51	
8	21	51	
8	22	51	
8	23	51	
8	24	51	
8	25	51	
8	26	51	
8	27	51	
8	28	51	
8	30	51	
8	31	51	
8	32	51	
8	33	51	
8	34	51	
8	35	51	
8	36	51	
8	37	51	
8	39	51	
8	45	51	
8	47	51	
8	10	53	
8	11	53	
8	12	53	
8	13	53	
8	14	53	
8	15	53	
8	17	53	
8	18	53	
8	19	53	
8	20	53	
8	21	53	
8	22	53	
8	23	53	
8	26	53	
8	27	53	
8	28	53	
8	29	53	
8	30	53	
8	31	53	
8	32	53	
8	33	53	
8	34	53	
8	35	53	
8	36	53	
8	37	53	
8	39	53	
8	40	53	
8	41	53	
8	42	53	
8	43	53	
8	44	53	
8	45	53	
8	46	53	
8	47	53	
8	14	38	
8	15	38	
8	21	38	
8	22	38	
8	30	38	
8	31	38	
8	32	38	
8	10	48	
8	11	48	
8	13	48	
8	14	48	
8	15	48	
8	17	48	
8	18	48	
8	19	48	
8	20	48	
8	24	48	
8	26	48	
8	29	48	
8	30	48	
8	31	48	
8	32	48	
8	33	48	
8	34	48	
8	35	48	
8	36	48	
8	40	48	
8	42	48	
8	43	48	
8	44	48	
8	45	48	
8	46	48	
9	11	16	
9	13	16	
9	14	16	
9	15	16	
9	11	48	
9	13	48	
9	14	48	
9	15	48	
9	17	48	
9	18	48	
9	19	48	
9	20	48	
9	43	48	
9	45	48	
9	46	48	
9	11	51	
9	12	51	
9	13	51	
9	15	51	
9	17	51	
9	18	51	
9	19	51	
9	20	51	
9	39	51	
9	45	51	
9	47	51	
9	11	53	
9	12	53	
9	13	53	
9	14	53	
9	15	53	
9	17	53	
9	18	53	
9	19	53	
9	20	53	
9	39	53	
9	41	53	
9	43	53	
9	45	53	
9	46	53	
9	47	53	
9	11	49	
9	12	49	
9	13	49	
9	14	49	
9	15	49	
9	17	49	
9	18	49	
9	19	49	
9	20	49	
9	45	49	
9	46	49	
9	47	49	
9	11	59	
9	13	59	
9	17	59	
9	18	59	
9	19	59	
9	20	59	
9	39	59	
9	41	59	
9	43	59	
9	45	59	
9	52	59	
9	57	59	
10	11	16	
10	13	16	
10	14	16	
10	15	16	
10	11	48	
10	13	48	
10	14	48	
10	15	48	
10	17	48	
10	18	48	
10	19	48	
10	20	48	
10	29	48	
10	32	48	
10	40	48	
10	42	48	
10	44	48	
10	45	48	
10	46	48	
10	11	51	
10	12	51	
10	13	51	
10	15	51	
10	17	51	
10	18	51	
10	19	51	
10	20	51	
10	25	51	
10	32	51	
10	45	51	
10	47	51	
10	11	53	
10	12	53	
10	13	53	
10	14	53	
10	15	53	
10	17	53	
10	18	53	
10	19	53	
10	20	53	
10	29	53	
10	32	53	
10	40	53	
10	42	53	
10	44	53	
10	45	53	
10	46	53	
10	47	53	
10	11	49	
10	12	49	
10	13	49	
10	14	49	
10	15	49	
10	17	49	
10	18	49	
10	19	49	
10	20	49	
10	25	49	
10	29	49	
10	32	49	
10	40	49	
10	44	49	
10	45	49	
10	46	49	
10	47	49	
10	11	59	
10	13	59	
10	17	59	
10	18	59	
10	19	59	
10	20	59	
10	32	59	
10	45	59	
10	52	59	
10	57	59	
11	13	16	
11	14	16	
11	15	16	
11	13	48	
11	14	48	
11	15	48	
11	17	48	
11	18	48	
11	19	48	
11	20	48	
11	24	48	
11	26	48	
11	29	48	
11	30	48	
11	31	48	
11	32	48	
11	33	48	
11	35	48	
11	36	48	
11	40	48	
11	42	48	
11	43	48	
11	44	48	
11	45	48	
11	46	48	
11	21	34	
11	24	34	
11	25	34	
11	26	34	
11	29	34	
11	30	34	
11	31	34	
11	32	34	
11	12	51	
11	13	51	
11	15	51	
11	17	51	
11	18	51	
11	19	51	
11	20	51	
11	21	51	
11	22	51	
11	23	51	
11	24	51	
11	25	51	
11	26	51	
11	27	51	
11	28	51	
11	30	51	
11	31	51	
11	32	51	
11	33	51	
11	35	51	
11	36	51	
11	37	51	
11	39	51	
11	45	51	
11	47	51	
11	12	52	
11	13	52	
11	18	52	
11	19	52	
11	20	52	
11	39	52	
11	41	52	
11	45	52	
11	12	53	
11	13	53	
11	14	53	
11	15	53	
11	17	53	
11	18	53	
11	19	53	
11	20	53	
11	21	53	
11	22	53	
11	23	53	
11	26	53	
11	27	53	
11	28	53	
11	29	53	
11	30	53	
11	31	53	
11	32	53	
11	33	53	
11	35	53	
11	36	53	
11	37	53	
11	38	53	
11	39	53	
11	40	53	
11	41	53	
11	42	53	
11	43	53	
11	44	53	
11	45	53	
11	46	53	
11	47	53	
11	12	49	
11	13	49	
11	14	49	
11	15	49	
11	17	49	
11	18	49	
11	19	49	
11	20	49	
11	21	49	
11	22	49	
11	23	49	
11	24	49	
11	25	49	
11	26	49	
11	27	49	
11	28	49	
11	29	49	
11	30	49	
11	31	49	
11	32	49	
11	33	49	
11	35	49	
11	38	49	
11	40	49	
11	44	49	
11	45	49	
11	46	49	
11	47	49	
11	13	59	
11	17	59	
11	18	59	
11	19	59	
11	20	59	
11	21	59	
11	22	59	
11	23	59	
11	26	59	
11	27	59	
11	28	59	
11	31	59	
11	32	59	
11	33	59	
11	36	59	
11	37	59	
11	39	59	
11	41	59	
11	43	59	
11	45	59	
11	57	59	
11	12	50	
11	13	50	
11	17	50	
11	18	50	
11	19	50	
11	20	50	
11	22	50	
11	28	50	
11	29	50	
11	37	50	
11	38	50	
11	40	50	
11	42	50	
11	44	50	
11	45	50	
11	47	50	
12	13	50	
12	17	50	
12	18	50	
12	19	50	
12	20	50	
12	22	50	
12	28	50	
12	29	50	
12	37	50	
12	38	50	
12	40	50	
12	42	50	
12	44	50	
12	45	50	
12	13	51	
12	15	51	
12	17	51	
12	18	51	
12	19	51	
12	20	51	
12	21	51	
12	22	51	
12	23	51	
12	24	51	
12	25	51	
12	26	51	
12	27	51	
12	28	51	
12	30	51	
12	31	51	
12	32	51	
12	33	51	
12	34	51	
12	35	51	
12	36	51	
12	37	51	
12	39	51	
12	45	51	
12	13	52	
12	18	52	
12	19	52	
12	20	52	
12	39	52	
12	41	52	
12	45	52	
12	13	53	
12	14	53	
12	15	53	
12	17	53	
12	18	53	
12	19	53	
12	20	53	
12	21	53	
12	22	53	
12	23	53	
12	26	53	
12	27	53	
12	28	53	
12	29	53	
12	30	53	
12	31	53	
12	32	53	
12	33	53	
12	34	53	
12	35	53	
12	36	53	
12	37	53	
12	38	53	
12	39	53	
12	40	53	
12	41	53	
12	42	53	
12	43	53	
12	44	53	
12	45	53	
12	46	53	
12	13	49	
12	14	49	
12	15	49	
12	17	49	
12	18	49	
12	19	49	
12	20	49	
12	21	49	
12	22	49	
12	23	49	
12	24	49	
12	25	49	
12	26	49	
12	27	49	
12	28	49	
12	29	49	
12	30	49	
12	31	49	
12	32	49	
12	33	49	
12	34	49	
12	35	49	
12	38	49	
12	40	49	
12	44	49	
12	45	49	
12	46	49	
13	14	16	
13	15	16	
13	14	49	
13	15	49	
13	17	49	
13	18	49	
13	19	49	
13	20	49	
13	21	49	
13	22	49	
13	23	49	
13	24	49	
13	25	49	
13	26	49	
13	27	49	
13	28	49	
13	29	49	
13	30	49	
13	31	49	
13	32	49	
13	33	49	
13	34	49	
13	35	49	
13	38	49	
13	40	49	
13	44	49	
13	45	49	
13	46	49	
13	47	49	
13	17	50	
13	18	50	
13	19	50	
13	20	50	
13	22	50	
13	28	50	
13	29	50	
13	37	50	
13	38	50	
13	40	50	
13	42	50	
13	44	50	
13	45	50	
13	47	50	
13	15	51	
13	17	51	
13	18	51	
13	19	51	
13	20	51	
13	21	51	
13	22	51	
13	23	51	
13	24	51	
13	25	51	
13	26	51	
13	27	51	
13	28	51	
13	30	51	
13	31	51	
13	32	51	
13	33	51	
13	34	51	
13	35	51	
13	36	51	
13	37	51	
13	39	51	
13	45	51	
13	47	51	
13	18	52	
13	19	52	
13	20	52	
13	39	52	
13	45	52	
13	14	53	
13	15	53	
13	17	53	
13	18	53	
13	19	53	
13	20	53	
13	21	53	
13	22	53	
13	23	53	
13	26	53	
13	27	53	
13	28	53	
13	29	53	
13	30	53	
13	31	53	
13	32	53	
13	33	53	
13	34	53	
13	35	53	
13	36	53	
13	37	53	
13	38	53	
13	39	53	
13	40	53	
13	42	53	
13	43	53	
13	44	53	
13	45	53	
13	46	53	
13	47	53	
13	19	54	
13	20	54	
13	21	54	
13	22	54	
13	23	54	
13	26	54	
13	27	54	
13	28	54	
13	30	54	
13	31	54	
13	32	54	
13	33	54	
13	36	54	
13	37	54	
13	39	54	
13	40	54	
13	42	54	
13	43	54	
13	45	54	
13	14	48	
13	15	48	
13	17	48	
13	18	48	
13	19	48	
13	20	48	
13	24	48	
13	26	48	
13	29	48	
13	30	48	
13	31	48	
13	32	48	
13	33	48	
13	34	48	
13	35	48	
13	36	48	
13	40	48	
13	42	48	
13	43	48	
13	44	48	
13	45	48	
13	46	48	
13	15	41	
13	21	41	
13	22	41	
13	23	41	
13	26	41	
13	27	41	
13	30	41	
13	31	41	
13	32	41	
13	33	41	
13	34	41	
13	35	41	
13	36	41	
13	37	41	
13	38	41	
13	39	41	
13	17	59	
13	18	59	
13	19	59	
13	20	59	
13	21	59	
13	22	59	
13	23	59	
13	26	59	
13	27	59	
13	28	59	
13	31	59	
13	32	59	
13	33	59	
13	36	59	
13	37	59	
13	39	59	
13	43	59	
13	45	59	
13	57	59	
14	15	16	
14	15	48	
14	17	48	
14	18	48	
14	19	48	
14	24	48	
14	26	48	
14	29	48	
14	30	48	
14	31	48	
14	32	48	
14	33	48	
14	34	48	
14	35	48	
14	36	48	
14	40	48	
14	42	48	
14	43	48	
14	44	48	
14	46	48	
14	15	53	
14	17	53	
14	18	53	
14	19	53	
14	21	53	
14	22	53	
14	23	53	
14	26	53	
14	27	53	
14	28	53	
14	29	53	
14	30	53	
14	31	53	
14	32	53	
14	33	53	
14	34	53	
14	35	53	
14	36	53	
14	37	53	
14	40	53	
14	42	53	
14	43	53	
14	44	53	
14	46	53	
14	15	38	
14	21	38	
14	22	38	
14	30	38	
14	31	38	
14	32	38	
14	15	49	
14	17	49	
14	18	49	
14	19	49	
14	21	49	
14	22	49	
14	23	49	
14	24	49	
14	26	49	
14	27	49	
14	28	49	
14	29	49	
14	30	49	
14	31	49	
14	32	49	
14	33	49	
14	34	49	
14	35	49	
14	40	49	
14	44	49	
14	46	49	
14	21	25	
14	23	25	
14	15	47	
14	40	47	
14	42	47	
14	44	47	
14	46	47	
15	17	48	
15	18	48	
15	19	48	
15	20	48	
15	24	48	
15	26	48	
15	29	48	
15	30	48	
15	31	48	
15	32	48	
15	33	48	
15	34	48	
15	35	48	
15	36	48	
15	40	48	
15	42	48	
15	43	48	
15	44	48	
15	45	48	
15	46	48	
15	17	51	
15	18	51	
15	19	51	
15	20	51	
15	21	51	
15	22	51	
15	23	51	
15	24	51	
15	25	51	
15	26	51	
15	27	51	
15	28	51	
15	30	51	
15	31	51	
15	32	51	
15	33	51	
15	34	51	
15	35	51	
15	36	51	
15	37	51	
15	39	51	
15	45	51	
15	17	53	
15	18	53	
15	19	53	
15	20	53	
15	21	53	
15	22	53	
15	23	53	
15	26	53	
15	27	53	
15	28	53	
15	29	53	
15	30	53	
15	31	53	
15	32	53	
15	33	53	
15	34	53	
15	35	53	
15	36	53	
15	37	53	
15	39	53	
15	40	53	
15	42	53	
15	43	53	
15	44	53	
15	45	53	
15	46	53	
15	21	38	
15	22	38	
15	30	38	
15	31	38	
15	32	38	
15	17	49	
15	18	49	
15	19	49	
15	20	49	
15	21	49	
15	22	49	
15	23	49	
15	24	49	
15	25	49	
15	26	49	
15	27	49	
15	28	49	
15	29	49	
15	30	49	
15	31	49	
15	32	49	
15	33	49	
15	34	49	
15	35	49	
15	40	49	
15	44	49	
15	45	49	
15	46	49	
15	21	41	
15	22	41	
15	23	41	
15	26	41	
15	27	41	
15	30	41	
15	31	41	
15	32	41	
15	33	41	
15	34	41	
15	35	41	
15	36	41	
15	37	41	
15	39	41	
15	40	47	
15	42	47	
15	44	47	
15	46	47	
17	18	48	
17	19	48	
17	20	48	
17	24	48	
17	26	48	
17	29	48	
17	30	48	
17	31	48	
17	32	48	
17	33	48	
17	34	48	
17	35	48	
17	36	48	
17	40	48	
17	42	48	
17	43	48	
17	44	48	
17	45	48	
17	46	48	
17	18	50	
17	19	50	
17	20	50	
17	22	50	
17	28	50	
17	29	50	
17	37	50	
17	38	50	
17	40	50	
17	42	50	
17	44	50	
17	45	50	
17	47	50	
17	18	51	
17	19	51	
17	20	51	
17	21	51	
17	22	51	
17	23	51	
17	24	51	
17	25	51	
17	26	51	
17	27	51	
17	28	51	
17	30	51	
17	31	51	
17	32	51	
17	33	51	
17	34	51	
17	35	51	
17	36	51	
17	37	51	
17	39	51	
17	45	51	
17	47	51	
17	18	53	
17	19	53	
17	20	53	
17	21	53	
17	22	53	
17	23	53	
17	26	53	
17	27	53	
17	28	53	
17	29	53	
17	30	53	
17	31	53	
17	32	53	
17	33	53	
17	34	53	
17	35	53	
17	36	53	
17	37	53	
17	38	53	
17	39	53	
17	40	53	
17	41	53	
17	42	53	
17	43	53	
17	44	53	
17	45	53	
17	46	53	
17	47	53	
17	18	49	
17	19	49	
17	20	49	
17	21	49	
17	22	49	
17	23	49	
17	24	49	
17	25	49	
17	26	49	
17	27	49	
17	28	49	
17	29	49	
17	30	49	
17	31	49	
17	32	49	
17	33	49	
17	34	49	
17	35	49	
17	38	49	
17	40	49	
17	44	49	
17	45	49	
17	46	49	
17	47	49	
17	18	58	
17	19	58	
17	20	58	
17	47	58	
17	52	58	
17	55	58	
17	56	58	
17	57	58	
17	18	59	
17	19	59	
17	20	59	
17	21	59	
17	22	59	
17	23	59	
17	26	59	
17	27	59	
17	28	59	
17	31	59	
17	32	59	
17	33	59	
17	36	59	
17	37	59	
17	39	59	
17	41	59	
17	43	59	
17	45	59	
17	52	59	
17	57	59	
18	19	48	
18	20	48	
18	24	48	
18	26	48	
18	29	48	
18	30	48	
18	31	48	
18	32	48	
18	33	48	
18	34	48	
18	35	48	
18	36	48	
18	40	48	
18	42	48	
18	43	48	
18	44	48	
18	45	48	
18	46	48	
18	19	50	
18	20	50	
18	22	50	
18	28	50	
18	29	50	
18	37	50	
18	38	50	
18	40	50	
18	42	50	
18	44	50	
18	45	50	
18	47	50	
18	19	51	
18	20	51	
18	22	51	
18	23	51	
18	24	51	
18	25	51	
18	26	51	
18	27	51	
18	28	51	
18	30	51	
18	31	51	
18	32	51	
18	33	51	
18	34	51	
18	35	51	
18	36	51	
18	37	51	
18	39	51	
18	45	51	
18	47	51	
18	19	52	
18	20	52	
18	39	52	
18	41	52	
18	45	52	
18	19	53	
18	20	53	
18	22	53	
18	23	53	
18	26	53	
18	27	53	
18	28	53	
18	29	53	
18	30	53	
18	31	53	
18	32	53	
18	33	53	
18	34	53	
18	35	53	
18	36	53	
18	37	53	
18	38	53	
18	39	53	
18	40	53	
18	41	53	
18	42	53	
18	43	53	
18	44	53	
18	45	53	
18	46	53	
18	47	53	
18	19	49	
18	20	49	
18	22	49	
18	23	49	
18	24	49	
18	25	49	
18	26	49	
18	27	49	
18	28	49	
18	29	49	
18	30	49	
18	31	49	
18	32	49	
18	33	49	
18	34	49	
18	35	49	
18	38	49	
18	40	49	
18	44	49	
18	45	49	
18	46	49	
18	47	49	
18	19	58	
18	20	58	
18	47	58	
18	55	58	
18	56	58	
18	57	58	
18	19	59	
18	20	59	
18	22	59	
18	23	59	
18	26	59	
18	27	59	
18	28	59	
18	31	59	
18	32	59	
18	33	59	
18	36	59	
18	37	59	
18	39	59	
18	41	59	
18	43	59	
18	45	59	
18	57	59	
19	20	48	
19	24	48	
19	26	48	
19	29	48	
19	30	48	
19	31	48	
19	32	48	
19	33	48	
19	34	48	
19	35	48	
19	36	48	
19	40	48	
19	42	48	
19	43	48	
19	44	48	
19	45	48	
19	46	48	
19	20	50	
19	22	50	
19	28	50	
19	29	50	
19	37	50	
19	38	50	
19	40	50	
19	42	50	
19	44	50	
19	45	50	
19	47	50	
19	20	51	
19	21	51	
19	22	51	
19	23	51	
19	24	51	
19	25	51	
19	26	51	
19	27	51	
19	28	51	
19	30	51	
19	31	51	
19	32	51	
19	33	51	
19	34	51	
19	35	51	
19	36	51	
19	37	51	
19	39	51	
19	45	51	
19	47	51	
19	20	52	
19	39	52	
19	41	52	
19	45	52	
19	20	53	
19	21	53	
19	22	53	
19	23	53	
19	26	53	
19	27	53	
19	28	53	
19	29	53	
19	30	53	
19	31	53	
19	32	53	
19	33	53	
19	34	53	
19	35	53	
19	36	53	
19	37	53	
19	38	53	
19	39	53	
19	40	53	
19	41	53	
19	42	53	
19	43	53	
19	44	53	
19	45	53	
19	46	53	
19	47	53	
19	20	54	
19	21	54	
19	22	54	
19	23	54	
19	26	54	
19	27	54	
19	28	54	
19	30	54	
19	31	54	
19	32	54	
19	33	54	
19	36	54	
19	37	54	
19	39	54	
19	40	54	
19	41	54	
19	42	54	
19	43	54	
19	45	54	
19	20	49	
19	21	49	
19	22	49	
19	23	49	
19	24	49	
19	25	49	
19	26	49	
19	27	49	
19	28	49	
19	29	49	
19	30	49	
19	31	49	
19	32	49	
19	33	49	
19	34	49	
19	35	49	
19	38	49	
19	40	49	
19	44	49	
19	45	49	
19	46	49	
19	47	49	
19	20	58	
19	47	58	
19	55	58	
19	56	58	
19	57	58	
19	20	59	
19	21	59	
19	22	59	
19	23	59	
19	26	59	
19	27	59	
19	28	59	
19	31	59	
19	32	59	
19	33	59	
19	36	59	
19	37	59	
19	39	59	
19	41	59	
19	43	59	
19	45	59	
19	57	59	
20	24	48	
20	26	48	
20	29	48	
20	30	48	
20	31	48	
20	32	48	
20	33	48	
20	34	48	
20	35	48	
20	36	48	
20	40	48	
20	42	48	
20	43	48	
20	44	48	
20	45	48	
20	46	48	
20	22	50	
20	28	50	
20	29	50	
20	37	50	
20	38	50	
20	40	50	
20	42	50	
20	44	50	
20	45	50	
20	47	50	
20	21	51	
20	22	51	
20	23	51	
20	24	51	
20	25	51	
20	26	51	
20	27	51	
20	28	51	
20	30	51	
20	31	51	
20	32	51	
20	33	51	
20	34	51	
20	35	51	
20	36	51	
20	37	51	
20	39	51	
20	45	51	
20	47	51	
20	39	52	
20	41	52	
20	45	52	
20	21	53	
20	22	53	
20	23	53	
20	26	53	
20	27	53	
20	28	53	
20	29	53	
20	30	53	
20	31	53	
20	32	53	
20	33	53	
20	34	53	
20	35	53	
20	36	53	
20	37	53	
20	38	53	
20	39	53	
20	40	53	
20	41	53	
20	42	53	
20	43	53	
20	44	53	
20	45	53	
20	46	53	
20	47	53	
20	21	54	
20	22	54	
20	23	54	
20	26	54	
20	27	54	
20	28	54	
20	30	54	
20	31	54	
20	32	54	
20	33	54	
20	36	54	
20	37	54	
20	39	54	
20	40	54	
20	41	54	
20	42	54	
20	43	54	
20	45	54	
20	21	49	
20	22	49	
20	23	49	
20	24	49	
20	25	49	
20	26	49	
20	27	49	
20	28	49	
20	29	49	
20	30	49	
20	31	49	
20	32	49	
20	33	49	
20	34	49	
20	35	49	
20	38	49	
20	40	49	
20	44	49	
20	45	49	
20	46	49	
20	47	49	
20	47	58	
20	55	58	
20	56	58	
20	57	58	
20	21	59	
20	22	59	
20	23	59	
20	26	59	
20	27	59	
20	28	59	
20	31	59	
20	32	59	
20	33	59	
20	36	59	
20	37	59	
20	39	59	
20	41	59	
20	43	59	
20	45	59	
20	57	59	
21	24	34	
21	26	34	
21	29	34	
21	30	34	
21	31	34	
21	32	34	
21	22	38	
21	30	38	
21	31	38	
21	32	38	
21	22	40	
21	29	40	
21	30	40	
21	31	40	
21	32	40	
21	22	41	
21	23	41	
21	26	41	
21	27	41	
21	30	41	
21	31	41	
21	32	41	
21	33	41	
21	35	41	
21	36	41	
21	37	41	
21	39	41	
21	22	49	
21	23	49	
21	24	49	
21	26	49	
21	27	49	
21	28	49	
21	29	49	
21	30	49	
21	31	49	
21	32	49	
21	33	49	
21	35	49	
21	44	49	
21	45	49	
21	46	49	
21	47	49	
21	48	49	
21	22	51	
21	23	51	
21	24	51	
21	26	51	
21	27	51	
21	28	51	
21	30	51	
21	31	51	
21	32	51	
21	33	51	
21	35	51	
21	36	51	
21	37	51	
21	39	51	
21	45	51	
21	47	51	
21	22	53	
21	23	53	
21	26	53	
21	27	53	
21	28	53	
21	29	53	
21	30	53	
21	31	53	
21	32	53	
21	33	53	
21	35	53	
21	36	53	
21	37	53	
21	39	53	
21	42	53	
21	43	53	
21	44	53	
21	45	53	
21	46	53	
21	47	53	
21	22	54	
21	23	54	
21	26	54	
21	27	54	
21	28	54	
21	30	54	
21	31	54	
21	32	54	
21	33	54	
21	36	54	
21	37	54	
21	39	54	
21	42	54	
21	43	54	
21	45	54	
21	23	25	
21	22	59	
21	23	59	
21	26	59	
21	27	59	
21	28	59	
21	31	59	
21	32	59	
21	33	59	
21	36	59	
21	37	59	
21	39	59	
21	43	59	
21	45	59	
21	52	59	
21	57	59	
22	23	35	
22	25	35	
22	26	35	
22	27	35	
22	28	35	
22	29	35	
22	30	35	
22	33	35	
22	30	38	
22	31	38	
22	32	38	
22	29	40	
22	30	40	
22	31	40	
22	32	40	
22	23	41	
22	26	41	
22	27	41	
22	30	41	
22	31	41	
22	32	41	
22	33	41	
22	34	41	
22	36	41	
22	37	41	
22	39	41	
22	23	49	
22	24	49	
22	25	49	
22	26	49	
22	27	49	
22	28	49	
22	29	49	
22	30	49	
22	31	49	
22	32	49	
22	33	49	
22	34	49	
22	44	49	
22	45	49	
22	46	49	
22	47	49	
22	48	49	
22	28	50	
22	29	50	
22	37	50	
22	42	50	
22	44	50	
22	45	50	
22	47	50	
22	23	51	
22	24	51	
22	25	51	
22	26	51	
22	27	51	
22	28	51	
22	30	51	
22	31	51	
22	32	51	
22	33	51	
22	34	51	
22	36	51	
22	37	51	
22	39	51	
22	45	51	
22	47	51	
22	23	53	
22	26	53	
22	27	53	
22	28	53	
22	29	53	
22	30	53	
22	31	53	
22	32	53	
22	33	53	
22	34	53	
22	36	53	
22	37	53	
22	39	53	
22	42	53	
22	43	53	
22	44	53	
22	45	53	
22	46	53	
22	47	53	
22	23	54	
22	26	54	
22	27	54	
22	28	54	
22	30	54	
22	31	54	
22	32	54	
22	33	54	
22	36	54	
22	37	54	
22	39	54	
22	42	54	
22	43	54	
22	45	54	
22	23	59	
22	26	59	
22	27	59	
22	28	59	
22	31	59	
22	32	59	
22	33	59	
22	36	59	
22	37	59	
22	39	59	
22	43	59	
22	45	59	
22	52	59	
22	57	59	
23	26	35	
23	27	35	
23	28	35	
23	29	35	
23	30	35	
23	33	35	
23	26	41	
23	27	41	
23	30	41	
23	31	41	
23	32	41	
23	33	41	
23	34	41	
23	36	41	
23	37	41	
23	38	41	
23	39	41	
23	24	49	
23	26	49	
23	27	49	
23	28	49	
23	29	49	
23	30	49	
23	31	49	
23	32	49	
23	33	49	
23	34	49	
23	38	49	
23	40	49	
23	44	49	
23	45	49	
23	46	49	
23	47	49	
23	48	49	
23	24	51	
23	26	51	
23	27	51	
23	28	51	
23	30	51	
23	31	51	
23	32	51	
23	33	51	
23	34	51	
23	36	51	
23	37	51	
23	39	51	
23	45	51	
23	47	51	
23	26	53	
23	27	53	
23	28	53	
23	29	53	
23	30	53	
23	31	53	
23	32	53	
23	33	53	
23	34	53	
23	36	53	
23	37	53	
23	38	53	
23	39	53	
23	40	53	
23	42	53	
23	43	53	
23	44	53	
23	45	53	
23	46	53	
23	47	53	
23	26	54	
23	27	54	
23	28	54	
23	30	54	
23	31	54	
23	32	54	
23	33	54	
23	36	54	
23	37	54	
23	39	54	
23	40	54	
23	42	54	
23	43	54	
23	45	54	
23	26	59	
23	27	59	
23	28	59	
23	31	59	
23	32	59	
23	33	59	
23	36	59	
23	37	59	
23	39	59	
23	43	59	
23	45	59	
23	52	59	
23	57	59	
24	26	48	
24	31	48	
24	32	48	
24	33	48	
24	35	48	
24	26	34	
24	31	34	
24	32	34	
24	26	49	
24	27	49	
24	31	49	
24	32	49	
24	33	49	
24	35	49	
24	26	51	
24	27	51	
24	31	51	
24	32	51	
24	33	51	
24	35	51	
25	26	34	
25	31	34	
25	32	34	
25	26	35	
25	27	35	
25	33	35	
25	26	49	
25	27	49	
25	31	49	
25	32	49	
25	33	49	
25	26	51	
25	27	51	
25	31	51	
25	32	51	
25	33	51	
26	29	48	
26	30	48	
26	31	48	
26	32	48	
26	33	48	
26	36	48	
26	40	48	
26	42	48	
26	43	48	
26	44	48	
26	45	48	
26	46	48	
26	29	34	
26	30	34	
26	31	34	
26	32	34	
26	27	35	
26	28	35	
26	29	35	
26	30	35	
26	33	35	
26	27	41	
26	30	41	
26	31	41	
26	32	41	
26	33	41	
26	36	41	
26	37	41	
26	38	41	
26	39	41	
26	27	49	
26	28	49	
26	29	49	
26	30	49	
26	31	49	
26	32	49	
26	33	49	
26	38	49	
26	40	49	
26	44	49	
26	45	49	
26	46	49	
26	47	49	
26	27	51	
26	28	51	
26	30	51	
26	31	51	
26	32	51	
26	33	51	
26	36	51	
26	37	51	
26	39	51	
26	45	51	
26	47	51	
26	27	53	
26	28	53	
26	29	53	
26	30	53	
26	31	53	
26	32	53	
26	33	53	
26	36	53	
26	37	53	
26	38	53	
26	39	53	
26	40	53	
26	42	53	
26	43	53	
26	44	53	
26	45	53	
26	46	53	
26	47	53	
26	27	54	
26	28	54	
26	30	54	
26	31	54	
26	32	54	
26	33	54	
26	36	54	
26	37	54	
26	39	54	
26	40	54	
26	42	54	
26	43	54	
26	45	54	
26	27	59	
26	28	59	
26	31	59	
26	32	59	
26	33	59	
26	36	59	
26	37	59	
26	39	59	
26	43	59	
26	45	59	
26	52	59	
26	57	59	
27	28	49	
27	29	49	
27	30	49	
27	31	49	
27	32	49	
27	33	49	
27	34	49	
27	38	49	
27	40	49	
27	44	49	
27	45	49	
27	46	49	
27	47	49	
27	48	49	
27	28	35	
27	29	35	
27	30	35	
27	33	35	
27	28	51	
27	30	51	
27	31	51	
27	32	51	
27	33	51	
27	34	51	
27	36	51	
27	37	51	
27	39	51	
27	45	51	
27	47	51	
27	30	41	
27	31	41	
27	32	41	
27	33	41	
27	34	41	
27	36	41	
27	37	41	
27	38	41	
27	39	41	
27	28	54	
27	30	54	
27	31	54	
27	32	54	
27	33	54	
27	36	54	
27	37	54	
27	39	54	
27	40	54	
27	42	54	
27	43	54	
27	45	54	
27	28	59	
27	31	59	
27	32	59	
27	33	59	
27	36	59	
27	37	59	
27	39	59	
27	43	59	
27	45	59	
27	52	59	
27	57	59	
27	28	53	
27	29	53	
27	30	53	
27	31	53	
27	32	53	
27	33	53	
27	34	53	
27	36	53	
27	37	53	
27	38	53	
27	39	53	
27	40	53	
27	42	53	
27	43	53	
27	44	53	
27	45	53	
27	46	53	
27	47	53	
28	29	35	
28	30	35	
28	33	35	
28	29	49	
28	30	49	
28	31	49	
28	32	49	
28	33	49	
28	34	49	
28	38	49	
28	40	49	
28	44	49	
28	45	49	
28	46	49	
28	47	49	
28	48	49	
28	29	50	
28	38	50	
28	40	50	
28	42	50	
28	44	50	
28	45	50	
28	47	50	
28	30	51	
28	31	51	
28	32	51	
28	33	51	
28	34	51	
28	39	51	
28	45	51	
28	47	51	
28	29	53	
28	30	53	
28	31	53	
28	32	53	
28	33	53	
28	34	53	
28	38	53	
28	39	53	
28	40	53	
28	41	53	
28	42	53	
28	43	53	
28	44	53	
28	45	53	
28	46	53	
28	47	53	
28	30	54	
28	31	54	
28	32	54	
28	33	54	
28	39	54	
28	40	54	
28	41	54	
28	42	54	
28	43	54	
28	45	54	
28	31	59	
28	32	59	
28	33	59	
28	39	59	
28	41	59	
28	43	59	
28	45	59	
28	52	59	
28	57	59	
28	29	37	
28	30	37	
29	30	48	
29	31	48	
29	32	48	
29	33	48	
29	36	48	
29	43	48	
29	44	48	
29	45	48	
29	46	48	
29	30	34	
29	31	34	
29	32	34	
29	30	35	
29	33	35	
29	30	37	
29	30	40	
29	31	40	
29	32	40	
29	30	49	
29	31	49	
29	32	49	
29	33	49	
29	44	49	
29	45	49	
29	46	49	
29	47	49	
29	44	50	
29	45	50	
29	47	50	
29	30	53	
29	31	53	
29	32	53	
29	33	53	
29	36	53	
29	39	53	
29	41	53	
29	43	53	
29	44	53	
29	45	53	
29	46	53	
29	47	53	
30	31	48	
30	32	48	
30	33	48	
30	36	48	
30	42	48	
30	43	48	
30	44	48	
30	45	48	
30	46	48	
30	31	34	
30	32	34	
30	33	35	
30	31	38	
30	32	38	
30	31	40	
30	32	40	
30	31	49	
30	32	49	
30	33	49	
30	44	49	
30	45	49	
30	46	49	
30	47	49	
30	31	51	
30	32	51	
30	33	51	
30	36	51	
30	39	51	
30	45	51	
30	47	51	
30	31	53	
30	32	53	
30	33	53	
30	36	53	
30	39	53	
30	42	53	
30	43	53	
30	44	53	
30	45	53	
30	46	53	
30	47	53	
30	31	54	
30	32	54	
30	33	54	
30	36	54	
30	39	54	
30	42	54	
30	43	54	
30	45	54	
30	31	41	
30	32	41	
30	33	41	
30	36	41	
30	39	41	
31	32	48	
31	33	48	
31	35	48	
31	36	48	
31	42	48	
31	43	48	
31	44	48	
31	45	48	
31	46	48	
31	32	34	
31	32	38	
31	32	40	
31	32	41	
31	33	41	
31	35	41	
31	36	41	
31	37	41	
31	39	41	
31	32	49	
31	33	49	
31	35	49	
31	44	49	
31	45	49	
31	46	49	
31	47	49	
31	32	51	
31	33	51	
31	35	51	
31	36	51	
31	37	51	
31	39	51	
31	45	51	
31	47	51	
31	32	53	
31	33	53	
31	35	53	
31	36	53	
31	37	53	
31	39	53	
31	42	53	
31	43	53	
31	44	53	
31	45	53	
31	46	53	
31	47	53	
31	32	54	
31	33	54	
31	36	54	
31	37	54	
31	39	54	
31	42	54	
31	43	54	
31	45	54	
31	32	59	
31	33	59	
31	36	59	
31	37	59	
31	39	59	
31	43	59	
31	45	59	
31	52	59	
31	57	59	
32	33	48	
32	35	48	
32	36	48	
32	42	48	
32	43	48	
32	44	48	
32	45	48	
32	46	48	
32	33	41	
32	35	41	
32	36	41	
32	37	41	
32	39	41	
32	33	49	
32	35	49	
32	44	49	
32	45	49	
32	46	49	
32	47	49	
32	33	51	
32	35	51	
32	36	51	
32	37	51	
32	39	51	
32	45	51	
32	47	51	
32	33	53	
32	35	53	
32	36	53	
32	37	53	
32	39	53	
32	42	53	
32	43	53	
32	44	53	
32	45	53	
32	46	53	
32	47	53	
32	33	54	
32	36	54	
32	37	54	
32	39	54	
32	42	54	
32	43	54	
32	45	54	
32	33	59	
32	36	59	
32	37	59	
32	39	59	
32	43	59	
32	45	59	
32	52	59	
32	57	59	
33	34	48	
33	36	48	
33	40	48	
33	42	48	
33	43	48	
33	44	48	
33	45	48	
33	46	48	
33	34	49	
33	38	49	
33	40	49	
33	44	49	
33	45	49	
33	46	49	
33	47	49	
33	34	51	
33	36	51	
33	37	51	
33	39	51	
33	45	51	
33	47	51	
33	34	41	
33	36	41	
33	37	41	
33	38	41	
33	39	41	
33	36	54	
33	37	54	
33	39	54	
33	40	54	
33	42	54	
33	43	54	
33	45	54	
33	36	59	
33	37	59	
33	39	59	
33	43	59	
33	45	59	
33	52	59	
33	57	59	
33	34	53	
33	36	53	
33	37	53	
33	38	53	
33	39	53	
33	40	53	
33	42	53	
33	43	53	
33	44	53	
33	45	53	
33	46	53	
33	47	53	
34	36	48	
34	43	48	
34	45	48	
34	36	41	
34	37	41	
34	39	41	
34	45	49	
34	36	51	
34	37	51	
34	39	51	
34	45	51	
34	36	53	
34	37	53	
34	39	53	
34	43	53	
34	45	53	
35	43	48	
35	45	48	
35	45	49	
35	45	51	
35	43	53	
35	45	53	
36	40	48	
36	42	48	
36	43	48	
36	44	48	
36	45	48	
36	46	48	
36	37	41	
36	38	41	
36	39	41	
36	37	51	
36	39	51	
36	45	51	
36	47	51	
36	37	53	
36	38	53	
36	39	53	
36	40	53	
36	42	53	
36	43	53	
36	44	53	
36	45	53	
36	46	53	
36	47	53	
36	49	53	
36	37	54	
36	39	54	
36	40	54	
36	42	54	
36	43	54	
36	45	54	
36	37	59	
36	39	59	
36	43	59	
36	45	59	
36	52	59	
36	57	59	
37	39	41	
37	45	50	
37	47	50	
37	39	51	
37	45	51	
37	47	51	
37	39	53	
37	43	53	
37	45	53	
37	46	53	
37	47	53	
37	49	53	
37	39	54	
37	43	54	
37	45	54	
37	39	59	
37	43	59	
37	45	59	
37	52	59	
37	57	59	
38	45	49	
38	45	50	
38	39	53	
38	43	53	
38	45	53	
38	39	41	
39	45	51	
39	47	51	
39	45	52	
39	40	53	
39	42	53	
39	43	53	
39	44	53	
39	45	53	
39	46	53	
39	47	53	
39	49	53	
39	40	54	
39	42	54	
39	43	54	
39	45	54	
39	43	59	
39	45	59	
39	57	59	
40	43	48	
40	45	48	
40	46	48	
40	46	47	
40	45	49	
40	46	49	
40	45	50	
40	41	53	
40	43	53	
40	45	53	
40	46	53	
40	41	54	
40	43	54	
40	45	54	
41	44	53	
42	43	48	
42	45	48	
42	46	48	
42	46	47	
42	45	50	
42	43	53	
42	45	53	
42	46	53	
42	49	53	
42	43	54	
42	45	54	
43	44	48	
43	45	48	
43	46	48	
43	44	53	
43	45	53	
43	46	53	
43	47	53	
43	49	53	
43	45	54	
43	45	59	
43	52	59	
43	57	59	
44	45	48	
44	46	48	
44	46	47	
44	45	49	
44	46	49	
44	45	50	
44	45	53	
44	46	53	
45	46	48	
45	46	49	
45	47	49	
45	47	50	
45	47	51	
45	46	53	
45	47	53	
45	57	59	
47	52	58	
47	57	58	
52	55	58	
52	56	58	
52	57	58	
52	57	59	
55	57	58	
56	57	58	

