0 1 1
0 34 1
0 3 1
0 48 1
0 8 1
0 16 1
0 50 1
0 35 1
0 53 1
0 24 1
0 25 1
0 58 1
0 59 1
1 48 1
1 34 1
1 35 1
1 16 1
1 49 1
1 50 1
1 3 1
1 53 1
1 24 1
1 25 1
1 58 1
1 59 1
2 16 1
2 49 1
2 34 1
2 35 1
2 24 1
2 25 1
2 58 1
2 59 1
3 16 1
3 49 1
3 34 1
3 35 1
3 51 1
3 24 1
3 25 1
3 26 1
3 59 1
3 58 1
4 51 1
4 34 1
4 35 1
4 47 1
4 16 1
4 49 1
4 19 1
4 53 1
4 24 1
4 25 1
4 58 1
4 59 1
5 16 1
5 35 1
5 34 1
5 19 1
5 53 1
5 24 1
5 25 1
5 58 1
5 59 1
5 47 1
6 16 1
6 35 1
6 34 1
6 19 1
6 53 1
6 24 1
6 25 1
6 58 1
6 59 1
7 48 1
7 2 1
7 35 1
7 8 1
7 34 1
7 16 1
7 49 1
7 50 1
7 24 1
7 25 1
7 58 1
7 59 1
8 16 1
8 48 1
8 34 1
8 35 1
8 49 1
8 24 1
8 25 1
8 58 1
8 59 1
8 50 1
9 16 1
9 35 1
9 34 1
9 19 1
9 53 1
9 49 1
9 25 1
9 10 1
9 59 1
9 58 1
10 16 1
10 35 1
10 34 1
10 19 1
10 49 1
10 51 1
10 25 1
10 9 1
10 58 1
10 59 1
10 53 1
11 16 1
11 35 1
11 18 1
11 19 1
11 51 1
11 49 1
11 24 1
11 25 1
11 58 1
11 59 1
11 34 1
12 16 1
12 35 1
12 34 1
12 19 1
12 53 1
12 51 1
12 24 1
12 25 1
12 58 1
12 59 1
13 16 1
13 35 1
13 34 1
13 19 1
13 53 1
13 25 1
13 24 1
13 9 1
13 10 1
13 59 1
13 58 1
14 16 1
14 48 1
14 34 1
14 19 1
14 53 1
14 49 1
14 24 1
14 25 1
14 58 1
14 59 1
14 50 1
15 48 1
15 2 1
15 35 1
15 9 1
15 34 1
15 16 1
15 49 1
15 50 1
15 19 1
15 53 1
15 25 1
15 58 1
15 59 1
16 2 1
16 35 1
16 34 1
16 14 1
16 47 1
16 49 1
16 50 1
16 19 1
16 53 1
16 54 1
16 58 1
16 59 1
17 16 1
17 35 1
17 2 1
17 19 1
17 51 1
17 49 1
17 25 1
17 58 1
17 59 1
17 34 1
18 51 1
18 2 1
18 35 1
18 34 1
18 47 1
18 16 1
18 49 1
18 19 1
18 53 1
18 54 1
18 58 1
18 59 1
19 2 1
19 35 1
19 34 1
19 14 1
19 47 1
19 16 1
19 49 1
19 50 1
19 51 1
19 53 1
19 54 1
19 24 1
19 25 1
19 58 1
19 59 1
20 51 1
20 2 1
20 35 1
20 34 1
20 16 1
20 50 1
20 19 1
20 53 1
20 24 1
20 25 1
20 58 1
20 59 1
21 16 1
21 24 1
21 34 1
21 3 1
21 4 1
21 35 1
21 8 1
21 25 1
21 26 1
21 58 1
22 16 1
22 24 1
22 34 1
22 3 1
22 4 1
22 35 1
22 8 1
22 25 1
22 26 1
22 58 1
23 16 1
23 24 1
23 34 1
23 3 1
23 35 1
23 8 1
23 25 1
23 26 1
23 59 1
23 58 1
24 16 1
24 35 1
24 34 1
24 3 1
24 4 1
24 58 1
24 8 1
24 25 1
24 26 1
24 59 1
24 50 1
25 16 1
25 24 1
25 34 1
25 3 1
25 4 1
25 35 1
25 8 1
25 26 1
25 59 1
25 50 1
25 58 1
26 16 1
26 24 1
26 34 1
26 3 1
26 4 1
26 35 1
26 8 1
26 25 1
26 58 1
26 59 1
26 50 1
27 16 1
27 24 1
27 34 1
27 3 1
27 4 1
27 35 1
27 8 1
27 25 1
27 26 1
27 59 1
27 58 1
28 16 1
28 35 1
28 34 1
28 3 1
28 4 1
28 24 1
28 25 1
28 26 1
28 59 1
28 58 1
29 1 1
29 34 1
29 3 1
29 4 1
29 8 1
29 16 1
29 50 1
29 35 1
29 24 1
29 25 1
29 58 1
29 59 1
30 16 1
30 1 1
30 34 1
30 3 1
30 19 1
30 8 1
30 25 1
30 58 1
30 35 1
30 29 1
30 24 1
31 16 1
31 1 1
31 34 1
31 3 1
31 24 1
31 8 1
31 25 1
31 58 1
31 59 1
31 50 1
31 35 1
32 51 1
32 34 1
32 35 1
32 4 1
32 16 1
32 50 1
32 3 1
32 24 1
32 25 1
32 26 1
32 59 1
32 58 1
33 16 1
33 50 1
33 34 1
33 35 1
33 58 1
33 24 1
33 25 1
33 10 1
33 59 1
33 26 1
34 35 1
34 3 1
34 4 1
34 47 1
34 16 1
34 50 1
34 19 1
34 24 1
34 25 1
34 26 1
34 59 1
34 58 1
35 16 1
35 58 1
35 34 1
35 3 1
35 4 1
35 24 1
35 25 1
35 26 1
35 59 1
35 50 1
35 47 1
36 35 1
36 34 1
36 3 1
36 4 1
36 8 1
36 47 1
36 16 1
36 19 1
36 53 1
36 24 1
36 25 1
36 58 1
36 59 1
37 16 1
37 19 1
37 34 1
37 3 1
37 24 1
37 8 1
37 25 1
37 58 1
37 59 1
37 35 1
38 48 1
38 34 1
38 3 1
38 4 1
38 35 1
38 8 1
38 16 1
38 50 1
38 19 1
38 24 1
38 25 1
38 58 1
38 59 1
38 51 1
39 35 1
39 34 1
39 3 1
39 51 1
39 8 1
39 10 1
39 15 1
39 16 1
39 50 1
39 19 1
39 53 1
39 24 1
39 25 1
39 58 1
39 59 1
40 51 1
40 34 1
40 3 1
40 4 1
40 48 1
40 16 1
40 50 1
40 19 1
40 53 1
40 24 1
40 25 1
40 58 1
40 59 1
41 2 1
41 35 1
41 8 1
41 34 1
41 14 1
41 16 1
41 50 1
41 19 1
41 53 1
41 24 1
41 25 1
41 58 1
41 59 1
42 34 1
42 35 1
42 40 1
42 9 1
42 10 1
42 16 1
42 50 1
42 51 1
42 20 1
42 53 1
42 24 1
42 25 1
42 58 1
43 35 1
43 2 1
43 3 1
43 9 1
43 16 1
43 50 1
43 19 1
43 20 1
43 53 1
43 24 1
43 25 1
43 58 1
43 59 1
44 48 1
44 34 1
44 51 1
44 47 1
44 16 1
44 50 1
44 19 1
44 53 1
44 24 1
44 25 1
44 58 1
44 59 1
45 2 1
45 35 1
45 9 1
45 34 1
45 14 1
45 16 1
45 50 1
45 19 1
45 20 1
45 53 1
45 54 1
45 25 1
45 58 1
45 59 1
46 48 1
46 34 1
46 51 1
46 9 1
46 47 1
46 16 1
46 50 1
46 19 1
46 53 1
46 25 1
46 58 1
46 59 1
47 48 1
47 2 1
47 9 1
47 34 1
47 16 1
47 49 1
47 50 1
47 19 1
47 53 1
47 54 1
47 24 1
47 25 1
47 58 1
47 59 1
48 2 1
48 35 1
48 9 1
48 34 1
48 47 1
48 16 1
48 49 1
48 50 1
48 19 1
48 53 1
48 54 1
48 25 1
48 58 1
48 59 1
49 16 1
49 19 1
49 2 1
49 35 1
49 53 1
49 50 1
49 58 1
49 54 1
49 59 1
49 34 1
49 47 1
50 51 1
50 2 1
50 35 1
50 9 1
50 34 1
50 14 1
50 47 1
50 16 1
50 49 1
50 19 1
50 53 1
50 54 1
50 25 1
50 58 1
50 59 1
51 2 1
51 35 1
51 9 1
51 34 1
51 14 1
51 47 1
51 16 1
51 49 1
51 50 1
51 19 1
51 53 1
51 54 1
51 25 1
51 58 1
51 59 1
52 51 1
52 2 1
52 35 1
52 9 1
52 34 1
52 14 1
52 47 1
52 16 1
52 50 1
52 19 1
52 53 1
52 54 1
52 25 1
52 58 1
52 59 1
53 2 1
53 35 1
53 9 1
53 34 1
53 47 1
53 16 1
53 50 1
53 19 1
53 54 1
53 25 1
53 58 1
53 59 1
54 51 1
54 2 1
54 35 1
54 8 1
54 9 1
54 34 1
54 47 1
54 16 1
54 50 1
54 19 1
54 20 1
54 53 1
54 25 1
54 58 1
54 59 1
54 62 1
55 34 1
55 59 1
55 9 1
55 47 1
55 16 1
55 50 1
55 19 1
55 53 1
55 54 1
55 24 1
55 25 1
55 58 1
55 15 1
56 16 1
56 50 1
56 2 1
56 35 1
56 51 1
56 24 1
56 25 1
56 58 1
56 34 1
56 47 1
57 2 1
57 35 1
57 9 1
57 34 1
57 47 1
57 16 1
57 49 1
57 50 1
57 51 1
57 53 1
57 54 1
57 58 1
57 59 1
58 16 1
58 35 1
58 34 1
58 19 1
58 54 1
58 51 1
58 9 1
58 59 1
58 50 1
58 47 1
59 51 1
59 2 1
59 35 1
59 9 1
59 34 1
59 47 1
59 16 1
59 50 1
59 19 1
59 20 1
59 53 1
59 54 1
59 58 1
59 62 1
60 51 1
60 34 1
60 35 1
60 9 1
60 47 1
60 16 1
60 50 1
60 19 1
60 53 1
60 54 1
60 25 1
60 58 1
60 59 1
61 51 1
61 34 1
61 35 1
61 9 1
61 47 1
61 16 1
61 50 1
61 19 1
61 53 1
61 54 1
61 58 1
61 59 1
61 62 1
62 51 1
62 34 1
62 35 1
62 9 1
62 47 1
62 16 1
62 50 1
62 19 1
62 53 1
62 54 1
62 58 1
62 59 1
63 34 1
63 35 1
63 9 1
63 47 1
63 16 1
63 50 1
63 19 1
63 53 1
63 54 1
63 58 1
63 59 1
63 62 1
