6 196 305.0805 21.4648 -5.0818 1.0000 7 13.3647
12 565 576.6410 20.4538 -0.5691 0.7120 9 38.5258
14 46 65.8947 9.7800 -2.0342 0.9840 3 3.1366
36 8251 8457.2030 30.5671 -6.7459 1.0000 14 562.6129
38 1256 1232.2440 24.4538 0.9715 0.1710 9 85.6432
46 88 61.5000 5.4251 4.8847 0.0000 5 6.0005
74 1746 1889.5350 24.5933 -5.8363 1.0000 10 119.0549
78 33 85.6727 7.7237 -6.8197 1.0000 4 2.2502
98 6 9.6330 3.0099 -1.2070 0.9310 2 0.4091
102 108 124.3110 7.6181 -2.1411 0.9870 5 7.3642
108 1479 1418.9495 13.1908 4.5525 0.0000 10 100.8489
110 240 259.1574 11.4968 -1.6663 0.9550 5 16.3649
238 128 105.0820 4.1816 5.4807 0.0000 6 8.7280
