1	36	34	
1	37	34	
1	38	34	
1	39	34	
1	40	34	
1	41	34	
1	42	34	
1	44	34	
1	45	34	
1	46	34	
1	51	34	
1	52	34	
1	54	34	
1	55	34	
1	56	34	
1	57	34	
1	60	34	
1	61	34	
1	62	34	
1	63	34	
1	36	35	
1	37	35	
1	38	35	
1	39	35	
1	41	35	
1	42	35	
1	43	35	
1	45	35	
1	51	35	
1	52	35	
1	54	35	
1	56	35	
1	57	35	
1	60	35	
1	61	35	
1	62	35	
1	63	35	
1	17	16	
1	18	16	
1	20	16	
1	21	16	
1	22	16	
1	23	16	
1	26	16	
1	27	16	
1	28	16	
1	32	16	
1	33	16	
1	36	16	
1	37	16	
1	38	16	
1	39	16	
1	40	16	
1	41	16	
1	42	16	
1	43	16	
1	44	16	
1	45	16	
1	46	16	
1	51	16	
1	52	16	
1	55	16	
1	56	16	
1	57	16	
1	60	16	
1	61	16	
1	62	16	
1	63	16	
1	51	49	
1	57	49	
1	52	50	
1	55	50	
1	56	50	
1	57	50	
1	60	50	
1	61	50	
1	62	50	
1	63	50	
1	21	3	
1	22	3	
1	23	3	
1	27	3	
1	28	3	
1	32	3	
1	36	3	
1	37	3	
1	38	3	
1	39	3	
1	40	3	
1	43	3	
1	55	53	
1	57	53	
1	60	53	
1	61	53	
1	62	53	
1	63	53	
1	27	24	
1	28	24	
1	32	24	
1	33	24	
1	36	24	
1	37	24	
1	38	24	
1	39	24	
1	40	24	
1	41	24	
1	42	24	
1	43	24	
1	44	24	
1	47	24	
1	55	24	
1	56	24	
1	27	25	
1	28	25	
1	32	25	
1	33	25	
1	36	25	
1	37	25	
1	38	25	
1	39	25	
1	40	25	
1	41	25	
1	42	25	
1	43	25	
1	44	25	
1	45	25	
1	46	25	
1	47	25	
1	51	25	
1	52	25	
1	54	25	
1	55	25	
1	56	25	
1	60	25	
1	60	58	
1	61	58	
1	62	58	
1	63	58	
1	60	59	
1	61	59	
1	63	59	
2	36	34	
2	37	34	
2	38	34	
2	39	34	
2	40	34	
2	42	34	
2	44	34	
2	46	34	
2	55	34	
2	60	34	
2	61	34	
2	62	34	
2	63	34	
2	36	35	
2	37	35	
2	38	35	
2	39	35	
2	42	35	
2	60	35	
2	61	35	
2	62	35	
2	63	35	
2	27	24	
2	28	24	
2	29	24	
2	30	24	
2	31	24	
2	32	24	
2	33	24	
2	36	24	
2	37	24	
2	38	24	
2	39	24	
2	40	24	
2	42	24	
2	44	24	
2	55	24	
2	27	25	
2	28	25	
2	29	25	
2	30	25	
2	31	25	
2	32	25	
2	33	25	
2	36	25	
2	37	25	
2	38	25	
2	39	25	
2	40	25	
2	42	25	
2	44	25	
2	46	25	
2	55	25	
2	60	25	
2	60	58	
2	61	58	
2	62	58	
2	63	58	
3	17	16	
3	18	16	
3	20	16	
3	33	16	
3	41	16	
3	42	16	
3	44	16	
3	45	16	
3	46	16	
3	48	16	
3	52	16	
3	55	16	
3	56	16	
3	57	16	
3	60	16	
3	61	16	
3	62	16	
3	63	16	
3	57	49	
3	52	51	
3	56	51	
3	57	51	
3	60	51	
3	61	51	
3	62	51	
3	60	59	
3	61	59	
3	63	59	
3	60	58	
3	61	58	
3	62	58	
3	63	58	
4	52	51	
4	56	51	
4	57	51	
4	60	51	
4	61	51	
4	62	51	
4	52	47	
4	55	47	
4	56	47	
4	57	47	
4	60	47	
4	61	47	
4	62	47	
4	63	47	
4	17	16	
4	18	16	
4	20	16	
4	23	16	
4	30	16	
4	31	16	
4	33	16	
4	37	16	
4	39	16	
4	41	16	
4	42	16	
4	43	16	
4	44	16	
4	45	16	
4	46	16	
4	48	16	
4	52	16	
4	55	16	
4	56	16	
4	57	16	
4	60	16	
4	61	16	
4	62	16	
4	63	16	
4	57	49	
4	20	19	
4	30	19	
4	37	19	
4	39	19	
4	41	19	
4	43	19	
4	44	19	
4	45	19	
4	46	19	
4	48	19	
4	52	19	
4	55	19	
4	60	19	
4	61	19	
4	62	19	
4	63	19	
4	55	53	
4	57	53	
4	60	53	
4	61	53	
4	62	53	
4	63	53	
4	60	58	
4	61	58	
4	62	58	
4	63	58	
4	60	59	
4	61	59	
4	63	59	
5	17	16	
5	18	16	
5	20	16	
5	21	16	
5	22	16	
5	23	16	
5	26	16	
5	27	16	
5	28	16	
5	29	16	
5	30	16	
5	31	16	
5	32	16	
5	33	16	
5	36	16	
5	37	16	
5	38	16	
5	39	16	
5	40	16	
5	41	16	
5	42	16	
5	43	16	
5	44	16	
5	45	16	
5	46	16	
5	48	16	
5	51	16	
5	52	16	
5	55	16	
5	56	16	
5	57	16	
5	60	16	
5	61	16	
5	62	16	
5	63	16	
5	36	35	
5	37	35	
5	38	35	
5	39	35	
5	41	35	
5	42	35	
5	43	35	
5	45	35	
5	48	35	
5	49	35	
5	51	35	
5	52	35	
5	54	35	
5	56	35	
5	57	35	
5	60	35	
5	61	35	
5	62	35	
5	63	35	
5	36	34	
5	37	34	
5	38	34	
5	39	34	
5	40	34	
5	41	34	
5	42	34	
5	44	34	
5	45	34	
5	46	34	
5	48	34	
5	49	34	
5	51	34	
5	52	34	
5	54	34	
5	55	34	
5	56	34	
5	57	34	
5	60	34	
5	61	34	
5	62	34	
5	63	34	
5	20	19	
5	30	19	
5	36	19	
5	37	19	
5	38	19	
5	39	19	
5	40	19	
5	41	19	
5	43	19	
5	44	19	
5	45	19	
5	46	19	
5	48	19	
5	52	19	
5	55	19	
5	60	19	
5	61	19	
5	62	19	
5	63	19	
5	55	53	
5	57	53	
5	60	53	
5	61	53	
5	62	53	
5	63	53	
5	27	24	
5	28	24	
5	29	24	
5	30	24	
5	31	24	
5	32	24	
5	33	24	
5	36	24	
5	37	24	
5	38	24	
5	39	24	
5	40	24	
5	41	24	
5	42	24	
5	43	24	
5	44	24	
5	55	24	
5	56	24	
5	27	25	
5	28	25	
5	29	25	
5	30	25	
5	31	25	
5	32	25	
5	33	25	
5	36	25	
5	37	25	
5	38	25	
5	39	25	
5	40	25	
5	41	25	
5	42	25	
5	43	25	
5	44	25	
5	45	25	
5	46	25	
5	48	25	
5	51	25	
5	52	25	
5	54	25	
5	55	25	
5	56	25	
5	60	25	
5	60	58	
5	61	58	
5	62	58	
5	63	58	
5	60	59	
5	61	59	
5	63	59	
5	51	47	
5	52	47	
5	55	47	
5	56	47	
5	57	47	
5	60	47	
5	61	47	
5	62	47	
5	63	47	
6	17	16	
6	18	16	
6	20	16	
6	21	16	
6	22	16	
6	23	16	
6	26	16	
6	27	16	
6	28	16	
6	29	16	
6	30	16	
6	31	16	
6	32	16	
6	33	16	
6	36	16	
6	37	16	
6	38	16	
6	39	16	
6	40	16	
6	41	16	
6	42	16	
6	43	16	
6	44	16	
6	45	16	
6	46	16	
6	48	16	
6	51	16	
6	52	16	
6	55	16	
6	56	16	
6	57	16	
6	60	16	
6	61	16	
6	62	16	
6	63	16	
6	36	35	
6	37	35	
6	38	35	
6	39	35	
6	41	35	
6	42	35	
6	43	35	
6	45	35	
6	48	35	
6	49	35	
6	51	35	
6	52	35	
6	54	35	
6	56	35	
6	57	35	
6	60	35	
6	61	35	
6	62	35	
6	63	35	
6	36	34	
6	37	34	
6	38	34	
6	39	34	
6	40	34	
6	41	34	
6	42	34	
6	44	34	
6	45	34	
6	46	34	
6	48	34	
6	49	34	
6	51	34	
6	52	34	
6	54	34	
6	55	34	
6	56	34	
6	57	34	
6	60	34	
6	61	34	
6	62	34	
6	63	34	
6	20	19	
6	30	19	
6	36	19	
6	37	19	
6	38	19	
6	39	19	
6	40	19	
6	41	19	
6	43	19	
6	44	19	
6	45	19	
6	46	19	
6	48	19	
6	52	19	
6	55	19	
6	60	19	
6	61	19	
6	62	19	
6	63	19	
6	55	53	
6	57	53	
6	60	53	
6	61	53	
6	62	53	
6	63	53	
6	27	24	
6	28	24	
6	29	24	
6	30	24	
6	31	24	
6	32	24	
6	33	24	
6	36	24	
6	37	24	
6	38	24	
6	39	24	
6	40	24	
6	41	24	
6	42	24	
6	43	24	
6	44	24	
6	47	24	
6	55	24	
6	56	24	
6	27	25	
6	28	25	
6	29	25	
6	30	25	
6	31	25	
6	32	25	
6	33	25	
6	36	25	
6	37	25	
6	38	25	
6	39	25	
6	40	25	
6	41	25	
6	42	25	
6	43	25	
6	44	25	
6	45	25	
6	46	25	
6	47	25	
6	48	25	
6	51	25	
6	52	25	
6	54	25	
6	55	25	
6	56	25	
6	60	25	
6	60	58	
6	61	58	
6	62	58	
6	63	58	
6	60	59	
6	61	59	
6	63	59	
7	36	35	
7	37	35	
7	38	35	
7	39	35	
7	41	35	
7	42	35	
7	43	35	
7	45	35	
7	51	35	
7	52	35	
7	53	35	
7	54	35	
7	56	35	
7	57	35	
7	60	35	
7	61	35	
7	62	35	
7	63	35	
7	21	8	
7	22	8	
7	23	8	
7	26	8	
7	27	8	
7	29	8	
7	30	8	
7	31	8	
7	36	8	
7	37	8	
7	38	8	
7	39	8	
7	41	8	
7	54	8	
7	36	34	
7	37	34	
7	38	34	
7	39	34	
7	40	34	
7	41	34	
7	42	34	
7	44	34	
7	45	34	
7	46	34	
7	51	34	
7	52	34	
7	53	34	
7	54	34	
7	55	34	
7	56	34	
7	57	34	
7	60	34	
7	61	34	
7	62	34	
7	63	34	
7	17	16	
7	18	16	
7	20	16	
7	21	16	
7	22	16	
7	23	16	
7	26	16	
7	27	16	
7	28	16	
7	29	16	
7	30	16	
7	31	16	
7	32	16	
7	33	16	
7	36	16	
7	37	16	
7	38	16	
7	39	16	
7	40	16	
7	41	16	
7	42	16	
7	43	16	
7	44	16	
7	45	16	
7	46	16	
7	51	16	
7	52	16	
7	55	16	
7	56	16	
7	57	16	
7	60	16	
7	61	16	
7	62	16	
7	63	16	
7	51	49	
7	57	49	
7	52	50	
7	55	50	
7	56	50	
7	57	50	
7	60	50	
7	61	50	
7	62	50	
7	63	50	
7	27	24	
7	28	24	
7	29	24	
7	30	24	
7	31	24	
7	32	24	
7	33	24	
7	36	24	
7	37	24	
7	38	24	
7	39	24	
7	40	24	
7	41	24	
7	42	24	
7	43	24	
7	44	24	
7	47	24	
7	55	24	
7	56	24	
7	27	25	
7	28	25	
7	29	25	
7	30	25	
7	31	25	
7	32	25	
7	33	25	
7	36	25	
7	37	25	
7	38	25	
7	39	25	
7	40	25	
7	41	25	
7	42	25	
7	43	25	
7	44	25	
7	45	25	
7	46	25	
7	47	25	
7	51	25	
7	52	25	
7	53	25	
7	54	25	
7	55	25	
7	56	25	
7	60	25	
7	60	58	
7	61	58	
7	62	58	
7	63	58	
7	60	59	
7	61	59	
7	63	59	
8	17	16	
8	18	16	
8	20	16	
8	28	16	
8	32	16	
8	33	16	
8	40	16	
8	42	16	
8	43	16	
8	44	16	
8	45	16	
8	46	16	
8	51	16	
8	52	16	
8	55	16	
8	56	16	
8	57	16	
8	60	16	
8	61	16	
8	62	16	
8	63	16	
8	40	34	
8	42	34	
8	44	34	
8	45	34	
8	46	34	
8	51	34	
8	52	34	
8	53	34	
8	55	34	
8	56	34	
8	57	34	
8	60	34	
8	61	34	
8	62	34	
8	63	34	
8	42	35	
8	43	35	
8	45	35	
8	51	35	
8	52	35	
8	53	35	
8	56	35	
8	57	35	
8	60	35	
8	61	35	
8	62	35	
8	63	35	
8	51	49	
8	57	49	
8	60	58	
8	61	58	
8	62	58	
8	63	58	
8	60	59	
8	61	59	
8	63	59	
8	52	50	
8	55	50	
8	56	50	
8	57	50	
8	60	50	
8	61	50	
8	62	50	
8	63	50	
9	17	16	
9	18	16	
9	20	16	
9	21	16	
9	22	16	
9	23	16	
9	24	16	
9	26	16	
9	27	16	
9	28	16	
9	29	16	
9	30	16	
9	31	16	
9	32	16	
9	33	16	
9	36	16	
9	37	16	
9	38	16	
9	39	16	
9	40	16	
9	41	16	
9	44	16	
9	56	16	
9	36	35	
9	37	35	
9	38	35	
9	39	35	
9	41	35	
9	56	35	
9	36	34	
9	37	34	
9	38	34	
9	39	34	
9	40	34	
9	41	34	
9	44	34	
9	56	34	
9	20	19	
9	30	19	
9	36	19	
9	37	19	
9	38	19	
9	39	19	
9	40	19	
9	41	19	
9	44	19	
9	27	25	
9	28	25	
9	29	25	
9	30	25	
9	31	25	
9	32	25	
9	33	25	
9	36	25	
9	37	25	
9	38	25	
9	39	25	
9	40	25	
9	41	25	
9	44	25	
9	56	25	
10	17	16	
10	18	16	
10	20	16	
10	21	16	
10	22	16	
10	23	16	
10	24	16	
10	26	16	
10	27	16	
10	28	16	
10	29	16	
10	30	16	
10	31	16	
10	32	16	
10	36	16	
10	37	16	
10	38	16	
10	40	16	
10	41	16	
10	43	16	
10	44	16	
10	45	16	
10	46	16	
10	48	16	
10	52	16	
10	55	16	
10	56	16	
10	57	16	
10	60	16	
10	61	16	
10	62	16	
10	63	16	
10	36	35	
10	37	35	
10	38	35	
10	41	35	
10	43	35	
10	45	35	
10	48	35	
10	52	35	
10	54	35	
10	56	35	
10	57	35	
10	60	35	
10	61	35	
10	62	35	
10	63	35	
10	36	34	
10	37	34	
10	38	34	
10	40	34	
10	41	34	
10	44	34	
10	45	34	
10	46	34	
10	48	34	
10	52	34	
10	54	34	
10	55	34	
10	56	34	
10	57	34	
10	60	34	
10	61	34	
10	62	34	
10	63	34	
10	20	19	
10	30	19	
10	36	19	
10	37	19	
10	38	19	
10	40	19	
10	41	19	
10	43	19	
10	44	19	
10	45	19	
10	46	19	
10	48	19	
10	52	19	
10	55	19	
10	60	19	
10	61	19	
10	62	19	
10	63	19	
10	57	49	
10	52	51	
10	56	51	
10	57	51	
10	60	51	
10	61	51	
10	62	51	
10	27	25	
10	28	25	
10	29	25	
10	30	25	
10	31	25	
10	32	25	
10	36	25	
10	37	25	
10	38	25	
10	40	25	
10	41	25	
10	43	25	
10	44	25	
10	45	25	
10	46	25	
10	47	25	
10	48	25	
10	52	25	
10	54	25	
10	55	25	
10	56	25	
10	60	25	
10	60	58	
10	61	58	
10	62	58	
10	63	58	
10	60	59	
10	61	59	
10	63	59	
10	55	53	
10	57	53	
10	60	53	
10	61	53	
10	62	53	
10	63	53	
11	17	16	
11	20	16	
11	21	16	
11	22	16	
11	23	16	
11	26	16	
11	27	16	
11	28	16	
11	29	16	
11	30	16	
11	31	16	
11	32	16	
11	33	16	
11	36	16	
11	37	16	
11	38	16	
11	39	16	
11	40	16	
11	41	16	
11	42	16	
11	43	16	
11	44	16	
11	45	16	
11	46	16	
11	48	16	
11	52	16	
11	55	16	
11	56	16	
11	57	16	
11	60	16	
11	61	16	
11	62	16	
11	63	16	
11	36	35	
11	37	35	
11	38	35	
11	39	35	
11	41	35	
11	42	35	
11	43	35	
11	45	35	
11	48	35	
11	52	35	
11	53	35	
11	54	35	
11	56	35	
11	57	35	
11	60	35	
11	61	35	
11	62	35	
11	63	35	
11	20	19	
11	30	19	
11	36	19	
11	37	19	
11	38	19	
11	39	19	
11	40	19	
11	41	19	
11	43	19	
11	44	19	
11	45	19	
11	46	19	
11	48	19	
11	52	19	
11	55	19	
11	60	19	
11	61	19	
11	62	19	
11	63	19	
11	52	51	
11	56	51	
11	57	51	
11	60	51	
11	61	51	
11	62	51	
11	57	49	
11	27	24	
11	28	24	
11	29	24	
11	30	24	
11	31	24	
11	32	24	
11	33	24	
11	36	24	
11	37	24	
11	38	24	
11	39	24	
11	40	24	
11	41	24	
11	42	24	
11	43	24	
11	44	24	
11	47	24	
11	55	24	
11	56	24	
11	27	25	
11	28	25	
11	29	25	
11	30	25	
11	31	25	
11	32	25	
11	33	25	
11	36	25	
11	37	25	
11	38	25	
11	39	25	
11	40	25	
11	41	25	
11	42	25	
11	43	25	
11	44	25	
11	45	25	
11	46	25	
11	47	25	
11	48	25	
11	52	25	
11	53	25	
11	54	25	
11	55	25	
11	56	25	
11	60	25	
11	60	58	
11	61	58	
11	62	58	
11	63	58	
11	60	59	
11	61	59	
11	63	59	
11	36	34	
11	37	34	
11	38	34	
11	39	34	
11	40	34	
11	41	34	
11	42	34	
11	44	34	
11	45	34	
11	46	34	
11	48	34	
11	52	34	
11	53	34	
11	54	34	
11	55	34	
11	56	34	
11	57	34	
11	60	34	
11	61	34	
11	62	34	
11	63	34	
12	17	16	
12	18	16	
12	20	16	
12	21	16	
12	22	16	
12	23	16	
12	26	16	
12	27	16	
12	28	16	
12	29	16	
12	30	16	
12	31	16	
12	32	16	
12	33	16	
12	36	16	
12	37	16	
12	38	16	
12	39	16	
12	40	16	
12	41	16	
12	42	16	
12	43	16	
12	44	16	
12	45	16	
12	46	16	
12	48	16	
12	52	16	
12	55	16	
12	56	16	
12	57	16	
12	60	16	
12	61	16	
12	62	16	
12	63	16	
12	36	35	
12	37	35	
12	38	35	
12	39	35	
12	41	35	
12	42	35	
12	43	35	
12	45	35	
12	48	35	
12	49	35	
12	52	35	
12	54	35	
12	56	35	
12	57	35	
12	60	35	
12	61	35	
12	62	35	
12	63	35	
12	36	34	
12	37	34	
12	38	34	
12	39	34	
12	40	34	
12	41	34	
12	42	34	
12	44	34	
12	45	34	
12	46	34	
12	48	34	
12	49	34	
12	52	34	
12	54	34	
12	55	34	
12	56	34	
12	57	34	
12	60	34	
12	61	34	
12	62	34	
12	63	34	
12	20	19	
12	30	19	
12	36	19	
12	37	19	
12	38	19	
12	39	19	
12	40	19	
12	41	19	
12	43	19	
12	44	19	
12	45	19	
12	46	19	
12	48	19	
12	52	19	
12	55	19	
12	60	19	
12	61	19	
12	62	19	
12	63	19	
12	55	53	
12	57	53	
12	60	53	
12	61	53	
12	62	53	
12	63	53	
12	52	51	
12	56	51	
12	57	51	
12	60	51	
12	61	51	
12	62	51	
12	27	24	
12	28	24	
12	29	24	
12	30	24	
12	31	24	
12	32	24	
12	33	24	
12	36	24	
12	37	24	
12	38	24	
12	39	24	
12	40	24	
12	41	24	
12	42	24	
12	43	24	
12	44	24	
12	47	24	
12	55	24	
12	56	24	
12	27	25	
12	28	25	
12	29	25	
12	30	25	
12	31	25	
12	32	25	
12	33	25	
12	36	25	
12	37	25	
12	38	25	
12	39	25	
12	40	25	
12	41	25	
12	42	25	
12	43	25	
12	44	25	
12	45	25	
12	46	25	
12	47	25	
12	48	25	
12	52	25	
12	54	25	
12	55	25	
12	56	25	
12	60	25	
12	60	58	
12	61	58	
12	62	58	
12	63	58	
12	60	59	
12	61	59	
12	63	59	
13	17	16	
13	18	16	
13	20	16	
13	21	16	
13	22	16	
13	23	16	
13	26	16	
13	27	16	
13	28	16	
13	29	16	
13	30	16	
13	31	16	
13	32	16	
13	33	16	
13	36	16	
13	37	16	
13	38	16	
13	39	16	
13	40	16	
13	41	16	
13	42	16	
13	43	16	
13	44	16	
13	45	16	
13	46	16	
13	48	16	
13	51	16	
13	52	16	
13	55	16	
13	56	16	
13	57	16	
13	60	16	
13	61	16	
13	62	16	
13	63	16	
13	36	35	
13	37	35	
13	38	35	
13	39	35	
13	41	35	
13	42	35	
13	43	35	
13	45	35	
13	48	35	
13	49	35	
13	51	35	
13	52	35	
13	54	35	
13	56	35	
13	57	35	
13	60	35	
13	61	35	
13	62	35	
13	63	35	
13	36	34	
13	37	34	
13	38	34	
13	39	34	
13	40	34	
13	41	34	
13	42	34	
13	44	34	
13	45	34	
13	46	34	
13	48	34	
13	49	34	
13	51	34	
13	52	34	
13	54	34	
13	55	34	
13	56	34	
13	57	34	
13	60	34	
13	61	34	
13	62	34	
13	63	34	
13	20	19	
13	30	19	
13	36	19	
13	37	19	
13	38	19	
13	39	19	
13	40	19	
13	41	19	
13	43	19	
13	44	19	
13	45	19	
13	46	19	
13	48	19	
13	52	19	
13	55	19	
13	60	19	
13	61	19	
13	62	19	
13	63	19	
13	55	53	
13	57	53	
13	60	53	
13	61	53	
13	62	53	
13	63	53	
13	27	25	
13	28	25	
13	29	25	
13	30	25	
13	31	25	
13	32	25	
13	33	25	
13	36	25	
13	37	25	
13	38	25	
13	39	25	
13	40	25	
13	41	25	
13	42	25	
13	43	25	
13	44	25	
13	45	25	
13	46	25	
13	47	25	
13	48	25	
13	51	25	
13	52	25	
13	54	25	
13	55	25	
13	56	25	
13	60	25	
13	27	24	
13	28	24	
13	29	24	
13	30	24	
13	31	24	
13	32	24	
13	33	24	
13	36	24	
13	37	24	
13	38	24	
13	39	24	
13	40	24	
13	41	24	
13	42	24	
13	43	24	
13	44	24	
13	47	24	
13	55	24	
13	56	24	
13	60	59	
13	61	59	
13	63	59	
13	60	58	
13	61	58	
13	62	58	
13	63	58	
14	36	34	
14	37	34	
14	38	34	
14	39	34	
14	40	34	
14	42	34	
14	44	34	
14	46	34	
14	54	34	
14	55	34	
14	56	34	
14	57	34	
14	60	34	
14	61	34	
14	62	34	
14	63	34	
14	55	53	
14	57	53	
14	60	53	
14	61	53	
14	62	53	
14	63	53	
14	57	49	
14	27	24	
14	28	24	
14	29	24	
14	30	24	
14	31	24	
14	32	24	
14	33	24	
14	36	24	
14	37	24	
14	38	24	
14	39	24	
14	40	24	
14	42	24	
14	43	24	
14	44	24	
14	47	24	
14	55	24	
14	56	24	
14	27	25	
14	28	25	
14	29	25	
14	30	25	
14	31	25	
14	32	25	
14	33	25	
14	36	25	
14	37	25	
14	38	25	
14	39	25	
14	40	25	
14	42	25	
14	43	25	
14	44	25	
14	46	25	
14	47	25	
14	54	25	
14	55	25	
14	56	25	
14	60	25	
14	60	58	
14	61	58	
14	62	58	
14	63	58	
14	60	59	
14	61	59	
14	63	59	
15	36	35	
15	37	35	
15	38	35	
15	41	35	
15	42	35	
15	43	35	
15	45	35	
15	51	35	
15	52	35	
15	54	35	
15	56	35	
15	57	35	
15	60	35	
15	61	35	
15	62	35	
15	63	35	
15	36	34	
15	37	34	
15	38	34	
15	40	34	
15	41	34	
15	42	34	
15	44	34	
15	45	34	
15	46	34	
15	51	34	
15	52	34	
15	54	34	
15	56	34	
15	57	34	
15	60	34	
15	61	34	
15	62	34	
15	63	34	
15	17	16	
15	18	16	
15	20	16	
15	21	16	
15	22	16	
15	23	16	
15	24	16	
15	26	16	
15	27	16	
15	28	16	
15	29	16	
15	30	16	
15	31	16	
15	32	16	
15	33	16	
15	36	16	
15	37	16	
15	38	16	
15	40	16	
15	41	16	
15	42	16	
15	43	16	
15	44	16	
15	45	16	
15	46	16	
15	51	16	
15	52	16	
15	56	16	
15	57	16	
15	60	16	
15	61	16	
15	62	16	
15	63	16	
15	51	49	
15	57	49	
15	52	50	
15	56	50	
15	57	50	
15	60	50	
15	61	50	
15	62	50	
15	63	50	
15	20	19	
15	30	19	
15	36	19	
15	37	19	
15	38	19	
15	40	19	
15	41	19	
15	43	19	
15	44	19	
15	45	19	
15	46	19	
15	52	19	
15	60	19	
15	61	19	
15	62	19	
15	63	19	
15	57	53	
15	60	53	
15	61	53	
15	62	53	
15	63	53	
15	27	25	
15	28	25	
15	29	25	
15	30	25	
15	31	25	
15	32	25	
15	33	25	
15	36	25	
15	37	25	
15	38	25	
15	40	25	
15	41	25	
15	42	25	
15	43	25	
15	44	25	
15	45	25	
15	46	25	
15	47	25	
15	51	25	
15	52	25	
15	54	25	
15	56	25	
15	60	25	
15	60	58	
15	61	58	
15	62	58	
15	63	58	
15	60	59	
15	61	59	
15	63	59	
17	36	35	
17	37	35	
17	38	35	
17	39	35	
17	41	35	
17	42	35	
17	43	35	
17	45	35	
17	48	35	
17	52	35	
17	53	35	
17	54	35	
17	56	35	
17	57	35	
17	60	35	
17	61	35	
17	62	35	
17	63	35	
17	20	19	
17	30	19	
17	36	19	
17	37	19	
17	38	19	
17	39	19	
17	40	19	
17	41	19	
17	43	19	
17	44	19	
17	45	19	
17	46	19	
17	48	19	
17	52	19	
17	55	19	
17	60	19	
17	61	19	
17	62	19	
17	63	19	
17	52	51	
17	56	51	
17	57	51	
17	60	51	
17	61	51	
17	62	51	
17	57	49	
17	27	25	
17	28	25	
17	29	25	
17	30	25	
17	31	25	
17	32	25	
17	33	25	
17	36	25	
17	37	25	
17	38	25	
17	39	25	
17	40	25	
17	41	25	
17	42	25	
17	43	25	
17	44	25	
17	45	25	
17	46	25	
17	47	25	
17	48	25	
17	52	25	
17	53	25	
17	54	25	
17	55	25	
17	56	25	
17	60	25	
17	60	58	
17	61	58	
17	62	58	
17	63	58	
17	60	59	
17	61	59	
17	63	59	
17	36	34	
17	37	34	
17	38	34	
17	39	34	
17	40	34	
17	41	34	
17	42	34	
17	44	34	
17	45	34	
17	46	34	
17	48	34	
17	52	34	
17	53	34	
17	54	34	
17	55	34	
17	56	34	
17	57	34	
17	60	34	
17	61	34	
17	62	34	
17	63	34	
18	52	51	
18	56	51	
18	57	51	
18	60	51	
18	61	51	
18	62	51	
18	36	35	
18	37	35	
18	38	35	
18	39	35	
18	41	35	
18	42	35	
18	43	35	
18	45	35	
18	48	35	
18	52	35	
18	56	35	
18	57	35	
18	60	35	
18	61	35	
18	62	35	
18	63	35	
18	36	34	
18	37	34	
18	38	34	
18	39	34	
18	40	34	
18	41	34	
18	42	34	
18	44	34	
18	45	34	
18	46	34	
18	48	34	
18	52	34	
18	55	34	
18	56	34	
18	57	34	
18	60	34	
18	61	34	
18	62	34	
18	63	34	
18	52	47	
18	55	47	
18	56	47	
18	57	47	
18	60	47	
18	61	47	
18	62	47	
18	63	47	
18	57	49	
18	20	19	
18	30	19	
18	36	19	
18	37	19	
18	38	19	
18	39	19	
18	40	19	
18	41	19	
18	43	19	
18	44	19	
18	45	19	
18	46	19	
18	48	19	
18	52	19	
18	55	19	
18	60	19	
18	61	19	
18	62	19	
18	63	19	
18	55	53	
18	57	53	
18	60	53	
18	61	53	
18	62	53	
18	63	53	
18	55	54	
18	57	54	
18	60	54	
18	61	54	
18	63	54	
18	60	58	
18	61	58	
18	62	58	
18	63	58	
18	60	59	
18	61	59	
18	63	59	
19	42	35	
19	56	35	
19	57	35	
19	27	24	
19	28	24	
19	29	24	
19	31	24	
19	32	24	
19	33	24	
19	42	24	
19	56	24	
19	27	25	
19	28	25	
19	29	25	
19	31	25	
19	32	25	
19	33	25	
19	42	25	
19	56	25	
20	52	51	
20	56	51	
20	57	51	
20	60	51	
20	61	51	
20	62	51	
20	36	35	
20	37	35	
20	38	35	
20	39	35	
20	41	35	
20	48	35	
20	49	35	
20	52	35	
20	56	35	
20	57	35	
20	60	35	
20	61	35	
20	62	35	
20	63	35	
20	36	34	
20	37	34	
20	38	34	
20	39	34	
20	40	34	
20	41	34	
20	44	34	
20	46	34	
20	48	34	
20	49	34	
20	52	34	
20	55	34	
20	56	34	
20	57	34	
20	60	34	
20	61	34	
20	62	34	
20	63	34	
20	52	50	
20	55	50	
20	56	50	
20	57	50	
20	60	50	
20	61	50	
20	62	50	
20	63	50	
20	55	53	
20	57	53	
20	60	53	
20	61	53	
20	62	53	
20	63	53	
20	27	24	
20	28	24	
20	29	24	
20	30	24	
20	31	24	
20	32	24	
20	33	24	
20	36	24	
20	37	24	
20	38	24	
20	39	24	
20	40	24	
20	41	24	
20	44	24	
20	47	24	
20	55	24	
20	56	24	
20	27	25	
20	28	25	
20	29	25	
20	30	25	
20	31	25	
20	32	25	
20	33	25	
20	36	25	
20	37	25	
20	38	25	
20	39	25	
20	40	25	
20	41	25	
20	44	25	
20	46	25	
20	47	25	
20	48	25	
20	52	25	
20	55	25	
20	56	25	
20	60	25	
20	60	58	
20	61	58	
20	62	58	
20	63	58	
21	27	24	
21	28	24	
21	29	24	
21	30	24	
21	31	24	
21	32	24	
21	33	24	
21	36	24	
21	37	24	
21	38	24	
21	39	24	
21	40	24	
21	41	24	
21	42	24	
21	43	24	
21	44	24	
21	47	24	
21	55	24	
21	56	24	
21	36	34	
21	37	34	
21	38	34	
21	39	34	
21	40	34	
21	41	34	
21	42	34	
21	44	34	
21	45	34	
21	46	34	
21	48	34	
21	49	34	
21	51	34	
21	52	34	
21	53	34	
21	54	34	
21	55	34	
21	56	34	
21	57	34	
21	60	34	
21	61	34	
21	62	34	
21	63	34	
21	36	35	
21	37	35	
21	38	35	
21	39	35	
21	41	35	
21	42	35	
21	43	35	
21	45	35	
21	48	35	
21	49	35	
21	51	35	
21	52	35	
21	53	35	
21	54	35	
21	56	35	
21	57	35	
21	60	35	
21	61	35	
21	62	35	
21	63	35	
21	27	25	
21	28	25	
21	29	25	
21	30	25	
21	31	25	
21	32	25	
21	33	25	
21	36	25	
21	37	25	
21	38	25	
21	39	25	
21	40	25	
21	41	25	
21	42	25	
21	43	25	
21	44	25	
21	45	25	
21	46	25	
21	47	25	
21	48	25	
21	51	25	
21	52	25	
21	53	25	
21	54	25	
21	55	25	
21	56	25	
21	60	25	
21	27	26	
21	28	26	
21	32	26	
21	33	26	
21	60	58	
21	61	58	
21	62	58	
21	63	58	
22	27	24	
22	28	24	
22	29	24	
22	30	24	
22	31	24	
22	32	24	
22	33	24	
22	36	24	
22	37	24	
22	38	24	
22	39	24	
22	40	24	
22	41	24	
22	42	24	
22	43	24	
22	44	24	
22	47	24	
22	55	24	
22	56	24	
22	36	34	
22	37	34	
22	38	34	
22	39	34	
22	40	34	
22	41	34	
22	42	34	
22	44	34	
22	45	34	
22	46	34	
22	48	34	
22	49	34	
22	51	34	
22	52	34	
22	53	34	
22	54	34	
22	55	34	
22	56	34	
22	57	34	
22	60	34	
22	61	34	
22	62	34	
22	63	34	
22	36	35	
22	37	35	
22	38	35	
22	39	35	
22	41	35	
22	42	35	
22	43	35	
22	45	35	
22	48	35	
22	49	35	
22	51	35	
22	52	35	
22	53	35	
22	54	35	
22	56	35	
22	57	35	
22	60	35	
22	61	35	
22	62	35	
22	63	35	
22	27	25	
22	28	25	
22	29	25	
22	30	25	
22	31	25	
22	32	25	
22	33	25	
22	36	25	
22	37	25	
22	38	25	
22	39	25	
22	40	25	
22	41	25	
22	42	25	
22	43	25	
22	44	25	
22	45	25	
22	46	25	
22	47	25	
22	48	25	
22	51	25	
22	52	25	
22	53	25	
22	54	25	
22	55	25	
22	56	25	
22	60	25	
22	27	26	
22	28	26	
22	32	26	
22	33	26	
22	60	58	
22	61	58	
22	62	58	
22	63	58	
23	27	24	
23	28	24	
23	29	24	
23	30	24	
23	31	24	
23	32	24	
23	33	24	
23	36	24	
23	37	24	
23	38	24	
23	39	24	
23	40	24	
23	41	24	
23	42	24	
23	43	24	
23	44	24	
23	47	24	
23	55	24	
23	56	24	
23	36	34	
23	37	34	
23	38	34	
23	39	34	
23	40	34	
23	41	34	
23	42	34	
23	44	34	
23	45	34	
23	46	34	
23	48	34	
23	49	34	
23	51	34	
23	52	34	
23	53	34	
23	54	34	
23	55	34	
23	56	34	
23	57	34	
23	60	34	
23	61	34	
23	62	34	
23	63	34	
23	36	35	
23	37	35	
23	38	35	
23	39	35	
23	41	35	
23	42	35	
23	43	35	
23	45	35	
23	48	35	
23	49	35	
23	51	35	
23	52	35	
23	53	35	
23	54	35	
23	56	35	
23	57	35	
23	60	35	
23	61	35	
23	62	35	
23	63	35	
23	27	25	
23	28	25	
23	29	25	
23	30	25	
23	31	25	
23	32	25	
23	33	25	
23	36	25	
23	37	25	
23	38	25	
23	39	25	
23	40	25	
23	41	25	
23	42	25	
23	43	25	
23	44	25	
23	45	25	
23	46	25	
23	47	25	
23	48	25	
23	51	25	
23	52	25	
23	53	25	
23	54	25	
23	55	25	
23	56	25	
23	60	25	
23	27	26	
23	28	26	
23	32	26	
23	33	26	
23	60	59	
23	61	59	
23	63	59	
23	60	58	
23	61	58	
23	62	58	
23	63	58	
24	60	58	
24	61	58	
24	62	58	
24	63	58	
24	60	59	
24	61	59	
24	63	59	
24	52	50	
24	57	50	
24	60	50	
24	61	50	
24	62	50	
24	63	50	
25	61	59	
25	63	59	
25	61	58	
25	62	58	
25	63	58	
26	60	58	
26	61	58	
26	62	58	
26	63	58	
26	60	59	
26	61	59	
26	63	59	
26	52	50	
26	55	50	
26	56	50	
26	57	50	
26	60	50	
26	61	50	
26	62	50	
26	63	50	
27	36	34	
27	37	34	
27	38	34	
27	39	34	
27	40	34	
27	41	34	
27	42	34	
27	44	34	
27	45	34	
27	46	34	
27	48	34	
27	49	34	
27	51	34	
27	52	34	
27	53	34	
27	54	34	
27	55	34	
27	56	34	
27	57	34	
27	60	34	
27	61	34	
27	62	34	
27	63	34	
27	36	35	
27	37	35	
27	38	35	
27	39	35	
27	41	35	
27	42	35	
27	43	35	
27	45	35	
27	48	35	
27	49	35	
27	51	35	
27	52	35	
27	53	35	
27	54	35	
27	56	35	
27	57	35	
27	60	35	
27	61	35	
27	62	35	
27	63	35	
27	60	59	
27	61	59	
27	63	59	
27	60	58	
27	61	58	
27	62	58	
27	63	58	
28	36	35	
28	37	35	
28	38	35	
28	39	35	
28	41	35	
28	42	35	
28	43	35	
28	45	35	
28	48	35	
28	49	35	
28	51	35	
28	52	35	
28	53	35	
28	54	35	
28	56	35	
28	57	35	
28	60	35	
28	61	35	
28	62	35	
28	63	35	
28	36	34	
28	37	34	
28	38	34	
28	39	34	
28	40	34	
28	41	34	
28	42	34	
28	44	34	
28	45	34	
28	46	34	
28	48	34	
28	49	34	
28	51	34	
28	52	34	
28	53	34	
28	54	34	
28	55	34	
28	56	34	
28	57	34	
28	60	34	
28	61	34	
28	62	34	
28	63	34	
28	60	59	
28	61	59	
28	63	59	
28	60	58	
28	61	58	
28	62	58	
28	63	58	
29	36	34	
29	37	34	
29	38	34	
29	39	34	
29	40	34	
29	41	34	
29	42	34	
29	44	34	
29	45	34	
29	46	34	
29	48	34	
29	49	34	
29	51	34	
29	52	34	
29	53	34	
29	54	34	
29	55	34	
29	56	34	
29	57	34	
29	60	34	
29	61	34	
29	62	34	
29	63	34	
29	52	50	
29	55	50	
29	56	50	
29	57	50	
29	60	50	
29	61	50	
29	62	50	
29	63	50	
29	36	35	
29	37	35	
29	38	35	
29	39	35	
29	41	35	
29	42	35	
29	43	35	
29	45	35	
29	48	35	
29	49	35	
29	51	35	
29	52	35	
29	53	35	
29	54	35	
29	56	35	
29	57	35	
29	60	35	
29	61	35	
29	62	35	
29	63	35	
29	60	58	
29	61	58	
29	62	58	
29	63	58	
29	60	59	
29	61	59	
29	63	59	
30	36	34	
30	37	34	
30	38	34	
30	39	34	
30	40	34	
30	41	34	
30	42	34	
30	44	34	
30	45	34	
30	46	34	
30	48	34	
30	49	34	
30	51	34	
30	52	34	
30	53	34	
30	54	34	
30	55	34	
30	56	34	
30	57	34	
30	60	34	
30	61	34	
30	62	34	
30	63	34	
30	60	58	
30	61	58	
30	62	58	
30	63	58	
30	36	35	
30	37	35	
30	38	35	
30	39	35	
30	41	35	
30	42	35	
30	43	35	
30	45	35	
30	48	35	
30	49	35	
30	51	35	
30	52	35	
30	53	35	
30	54	35	
30	56	35	
30	57	35	
30	60	35	
30	61	35	
30	62	35	
30	63	35	
31	36	34	
31	37	34	
31	38	34	
31	39	34	
31	40	34	
31	41	34	
31	42	34	
31	44	34	
31	45	34	
31	46	34	
31	48	34	
31	49	34	
31	51	34	
31	52	34	
31	53	34	
31	54	34	
31	55	34	
31	56	34	
31	57	34	
31	60	34	
31	61	34	
31	62	34	
31	63	34	
31	60	58	
31	61	58	
31	62	58	
31	63	58	
31	60	59	
31	61	59	
31	63	59	
31	52	50	
31	55	50	
31	56	50	
31	57	50	
31	60	50	
31	61	50	
31	62	50	
31	63	50	
31	36	35	
31	37	35	
31	38	35	
31	39	35	
31	41	35	
31	42	35	
31	43	35	
31	45	35	
31	48	35	
31	49	35	
31	51	35	
31	52	35	
31	53	35	
31	54	35	
31	56	35	
31	57	35	
31	60	35	
31	61	35	
31	62	35	
31	63	35	
32	52	51	
32	56	51	
32	57	51	
32	60	51	
32	61	51	
32	62	51	
32	36	34	
32	37	34	
32	38	34	
32	39	34	
32	40	34	
32	41	34	
32	42	34	
32	44	34	
32	45	34	
32	46	34	
32	48	34	
32	49	34	
32	52	34	
32	53	34	
32	54	34	
32	55	34	
32	56	34	
32	57	34	
32	60	34	
32	61	34	
32	62	34	
32	63	34	
32	36	35	
32	37	35	
32	38	35	
32	39	35	
32	41	35	
32	42	35	
32	43	35	
32	45	35	
32	48	35	
32	49	35	
32	52	35	
32	53	35	
32	54	35	
32	56	35	
32	57	35	
32	60	35	
32	61	35	
32	62	35	
32	63	35	
32	52	50	
32	55	50	
32	56	50	
32	57	50	
32	60	50	
32	61	50	
32	62	50	
32	63	50	
32	60	59	
32	61	59	
32	63	59	
32	60	58	
32	61	58	
32	62	58	
32	63	58	
33	52	50	
33	55	50	
33	56	50	
33	57	50	
33	60	50	
33	61	50	
33	62	50	
33	63	50	
33	36	34	
33	37	34	
33	38	34	
33	39	34	
33	40	34	
33	41	34	
33	42	34	
33	44	34	
33	45	34	
33	46	34	
33	48	34	
33	49	34	
33	51	34	
33	52	34	
33	53	34	
33	54	34	
33	55	34	
33	56	34	
33	57	34	
33	60	34	
33	61	34	
33	62	34	
33	63	34	
33	36	35	
33	37	35	
33	38	35	
33	39	35	
33	41	35	
33	42	35	
33	43	35	
33	45	35	
33	48	35	
33	49	35	
33	51	35	
33	52	35	
33	53	35	
33	54	35	
33	56	35	
33	57	35	
33	60	35	
33	61	35	
33	62	35	
33	63	35	
33	60	58	
33	61	58	
33	62	58	
33	63	58	
33	60	59	
33	61	59	
33	63	59	
35	55	47	
36	51	47	
36	52	47	
36	55	47	
36	56	47	
36	57	47	
36	60	47	
36	61	47	
36	62	47	
36	63	47	
36	55	53	
36	57	53	
36	60	53	
36	61	53	
36	62	53	
36	63	53	
36	60	58	
36	61	58	
36	62	58	
36	63	58	
36	60	59	
36	61	59	
36	63	59	
37	60	58	
37	61	58	
37	62	58	
37	63	58	
37	60	59	
37	61	59	
37	63	59	
38	52	50	
38	55	50	
38	56	50	
38	57	50	
38	60	50	
38	61	50	
38	62	50	
38	63	50	
38	60	58	
38	61	58	
38	62	58	
38	63	58	
38	60	59	
38	61	59	
38	63	59	
38	52	51	
38	56	51	
38	57	51	
38	60	51	
38	61	51	
38	62	51	
39	52	51	
39	56	51	
39	57	51	
39	60	51	
39	61	51	
39	62	51	
39	52	50	
39	55	50	
39	56	50	
39	57	50	
39	60	50	
39	61	50	
39	62	50	
39	63	50	
39	55	53	
39	57	53	
39	60	53	
39	61	53	
39	62	53	
39	63	53	
39	60	58	
39	61	58	
39	62	58	
39	63	58	
39	60	59	
39	61	59	
39	63	59	
40	52	51	
40	56	51	
40	57	51	
40	60	51	
40	61	51	
40	62	51	
40	52	50	
40	55	50	
40	56	50	
40	57	50	
40	60	50	
40	61	50	
40	62	50	
40	63	50	
40	55	53	
40	57	53	
40	60	53	
40	61	53	
40	62	53	
40	63	53	
40	60	58	
40	61	58	
40	62	58	
40	63	58	
40	60	59	
40	61	59	
40	63	59	
41	52	50	
41	55	50	
41	56	50	
41	57	50	
41	60	50	
41	61	50	
41	62	50	
41	63	50	
41	55	53	
41	57	53	
41	60	53	
41	61	53	
41	62	53	
41	63	53	
41	60	58	
41	61	58	
41	62	58	
41	63	58	
41	60	59	
41	61	59	
41	63	59	
42	52	50	
42	55	50	
42	56	50	
42	57	50	
42	60	50	
42	61	50	
42	62	50	
42	63	50	
42	52	51	
42	56	51	
42	57	51	
42	60	51	
42	61	51	
42	62	51	
42	55	53	
42	57	53	
42	60	53	
42	61	53	
42	62	53	
42	63	53	
42	60	58	
42	61	58	
42	62	58	
42	63	58	
43	52	50	
43	55	50	
43	56	50	
43	57	50	
43	60	50	
43	61	50	
43	62	50	
43	63	50	
43	55	53	
43	57	53	
43	60	53	
43	61	53	
43	62	53	
43	63	53	
43	60	58	
43	61	58	
43	62	58	
43	63	58	
43	60	59	
43	61	59	
43	63	59	
44	52	51	
44	56	51	
44	57	51	
44	60	51	
44	61	51	
44	62	51	
44	52	47	
44	55	47	
44	56	47	
44	57	47	
44	60	47	
44	61	47	
44	62	47	
44	63	47	
44	52	50	
44	55	50	
44	56	50	
44	57	50	
44	60	50	
44	61	50	
44	62	50	
44	63	50	
44	55	53	
44	57	53	
44	60	53	
44	61	53	
44	62	53	
44	63	53	
44	60	58	
44	61	58	
44	62	58	
44	63	58	
44	60	59	
44	61	59	
44	63	59	
45	52	50	
45	55	50	
45	56	50	
45	57	50	
45	60	50	
45	61	50	
45	62	50	
45	63	50	
45	55	53	
45	57	53	
45	60	53	
45	61	53	
45	62	53	
45	63	53	
45	55	54	
45	57	54	
45	60	54	
45	61	54	
45	63	54	
45	60	58	
45	61	58	
45	62	58	
45	63	58	
45	60	59	
45	61	59	
45	63	59	
46	52	51	
46	56	51	
46	57	51	
46	60	51	
46	61	51	
46	62	51	
46	52	47	
46	55	47	
46	56	47	
46	57	47	
46	60	47	
46	61	47	
46	62	47	
46	63	47	
46	52	50	
46	55	50	
46	56	50	
46	57	50	
46	60	50	
46	61	50	
46	62	50	
46	63	50	
46	55	53	
46	57	53	
46	60	53	
46	61	53	
46	62	53	
46	63	53	
46	60	58	
46	61	58	
46	62	58	
46	63	58	
46	60	59	
46	61	59	
46	63	59	
48	51	49	
48	57	49	
48	52	50	
48	55	50	
48	56	50	
48	57	50	
48	60	50	
48	61	50	
48	62	50	
48	63	50	
48	55	53	
48	57	53	
48	60	53	
48	61	53	
48	62	53	
48	63	53	
48	55	54	
48	57	54	
48	60	54	
48	61	54	
48	63	54	
48	60	58	
48	61	58	
48	62	58	
48	63	58	
48	60	59	
48	61	59	
48	63	59	
49	55	53	
49	60	53	
49	61	53	
49	62	53	
49	63	53	
49	60	58	
49	61	58	
49	62	58	
49	63	58	
49	55	54	
49	60	54	
49	61	54	
49	63	54	
49	60	59	
49	61	59	
49	63	59	
51	55	53	
51	63	53	
52	55	53	
52	57	53	
52	60	53	
52	61	53	
52	62	53	
52	63	53	
52	55	54	
52	57	54	
52	60	54	
52	61	54	
52	63	54	
52	60	58	
52	61	58	
52	62	58	
52	63	58	
52	60	59	
52	61	59	
52	63	59	
55	60	59	
55	61	59	
55	63	59	
55	60	58	
55	61	58	
55	62	58	
55	63	58	
56	60	58	
56	61	58	
56	62	58	
56	63	58	
57	60	58	
57	61	58	
57	62	58	
57	63	58	
57	60	59	
57	61	59	
57	63	59	
61	63	62	
7	15	2	
7	17	2	
7	18	2	
7	19	2	
7	20	2	
7	41	2	
7	43	2	
7	45	2	
7	47	2	
7	51	2	
7	52	2	
7	53	2	
7	54	2	
7	56	2	
7	57	2	
13	15	9	
13	42	9	
13	43	9	
13	45	9	
13	46	9	
13	47	9	
13	48	9	
13	50	9	
13	51	9	
13	52	9	
13	54	9	
13	55	9	
13	57	9	
13	60	9	
13	61	9	
13	62	9	
13	63	9	
13	33	10	
13	39	10	
13	42	10	
15	17	2	
15	18	2	
15	20	2	
15	41	2	
15	43	2	
15	45	2	
15	47	2	
15	51	2	
15	52	2	
15	54	2	
15	56	2	
15	57	2	
15	42	9	
15	43	9	
15	45	9	
15	46	9	
15	47	9	
15	51	9	
15	52	9	
15	54	9	
15	57	9	
15	60	9	
15	61	9	
15	62	9	
15	63	9	
17	18	16	
17	20	16	
17	21	16	
17	22	16	
17	23	16	
17	24	16	
17	26	16	
17	27	16	
17	28	16	
17	29	16	
17	30	16	
17	31	16	
17	32	16	
17	33	16	
17	36	16	
17	37	16	
17	38	16	
17	39	16	
17	40	16	
17	41	16	
17	42	16	
17	43	16	
17	44	16	
17	45	16	
17	46	16	
17	48	16	
17	52	16	
17	55	16	
17	56	16	
17	57	16	
17	60	16	
17	61	16	
17	62	16	
17	63	16	
17	18	2	
17	20	2	
17	41	2	
17	43	2	
17	45	2	
17	47	2	
17	48	2	
17	50	2	
17	52	2	
17	53	2	
17	54	2	
17	56	2	
17	57	2	
18	20	2	
18	41	2	
18	43	2	
18	45	2	
18	48	2	
18	50	2	
18	52	2	
18	56	2	
18	57	2	
18	20	16	
18	21	16	
18	22	16	
18	23	16	
18	24	16	
18	25	16	
18	26	16	
18	27	16	
18	28	16	
18	29	16	
18	30	16	
18	31	16	
18	32	16	
18	33	16	
18	36	16	
18	37	16	
18	38	16	
18	39	16	
18	40	16	
18	41	16	
18	42	16	
18	43	16	
18	44	16	
18	45	16	
18	46	16	
18	48	16	
18	52	16	
18	55	16	
18	56	16	
18	57	16	
18	60	16	
18	61	16	
18	62	16	
18	63	16	
19	56	2	
19	57	2	
20	41	2	
20	47	2	
20	48	2	
20	52	2	
20	56	2	
20	57	2	
20	21	16	
20	22	16	
20	23	16	
20	26	16	
20	27	16	
20	28	16	
20	29	16	
20	30	16	
20	31	16	
20	32	16	
20	33	16	
20	36	16	
20	37	16	
20	38	16	
20	39	16	
20	40	16	
20	41	16	
20	44	16	
20	46	16	
20	48	16	
20	52	16	
20	55	16	
20	56	16	
20	57	16	
20	60	16	
20	61	16	
20	62	16	
20	63	16	
20	30	19	
20	36	19	
20	37	19	
20	38	19	
20	39	19	
20	40	19	
20	41	19	
20	44	19	
20	46	19	
20	48	19	
20	52	19	
20	55	19	
20	60	19	
20	61	19	
20	62	19	
20	63	19	
21	22	16	
21	23	16	
21	27	16	
21	28	16	
21	29	16	
21	30	16	
21	31	16	
21	32	16	
21	33	16	
21	36	16	
21	37	16	
21	38	16	
21	39	16	
21	40	16	
21	41	16	
21	42	16	
21	43	16	
21	44	16	
21	45	16	
21	46	16	
21	48	16	
21	51	16	
21	52	16	
21	55	16	
21	56	16	
21	57	16	
21	60	16	
21	61	16	
21	62	16	
21	63	16	
21	22	3	
21	23	3	
21	27	3	
21	28	3	
21	29	3	
21	30	3	
21	31	3	
21	32	3	
21	36	3	
21	37	3	
21	38	3	
21	39	3	
21	40	3	
21	43	3	
21	22	4	
21	27	4	
21	28	4	
21	29	4	
21	32	4	
21	36	4	
21	38	4	
21	40	4	
21	22	8	
21	23	8	
21	27	8	
21	29	8	
21	30	8	
21	31	8	
21	36	8	
21	37	8	
21	38	8	
21	39	8	
21	41	8	
21	54	8	
22	23	16	
22	27	16	
22	28	16	
22	29	16	
22	30	16	
22	31	16	
22	32	16	
22	33	16	
22	36	16	
22	37	16	
22	38	16	
22	39	16	
22	40	16	
22	41	16	
22	42	16	
22	43	16	
22	44	16	
22	45	16	
22	46	16	
22	48	16	
22	51	16	
22	52	16	
22	55	16	
22	56	16	
22	57	16	
22	60	16	
22	61	16	
22	62	16	
22	63	16	
22	23	3	
22	27	3	
22	28	3	
22	29	3	
22	30	3	
22	31	3	
22	32	3	
22	36	3	
22	37	3	
22	38	3	
22	39	3	
22	40	3	
22	43	3	
22	27	4	
22	28	4	
22	29	4	
22	32	4	
22	36	4	
22	38	4	
22	40	4	
22	23	8	
22	27	8	
22	29	8	
22	30	8	
22	31	8	
22	36	8	
22	37	8	
22	38	8	
22	39	8	
22	41	8	
22	54	8	
23	27	16	
23	28	16	
23	29	16	
23	30	16	
23	31	16	
23	32	16	
23	33	16	
23	36	16	
23	37	16	
23	38	16	
23	39	16	
23	40	16	
23	41	16	
23	42	16	
23	43	16	
23	44	16	
23	45	16	
23	46	16	
23	48	16	
23	51	16	
23	52	16	
23	55	16	
23	56	16	
23	57	16	
23	60	16	
23	61	16	
23	62	16	
23	63	16	
23	27	3	
23	28	3	
23	29	3	
23	30	3	
23	31	3	
23	32	3	
23	36	3	
23	37	3	
23	38	3	
23	39	3	
23	40	3	
23	43	3	
23	27	8	
23	29	8	
23	30	8	
23	31	8	
23	36	8	
23	37	8	
23	38	8	
23	39	8	
23	41	8	
23	54	8	
24	45	16	
24	46	16	
24	48	16	
24	51	16	
24	52	16	
24	57	16	
24	60	16	
24	61	16	
24	62	16	
24	63	16	
25	57	16	
25	61	16	
25	62	16	
25	63	16	
26	29	16	
26	30	16	
26	31	16	
26	36	16	
26	37	16	
26	38	16	
26	39	16	
26	40	16	
26	41	16	
26	42	16	
26	43	16	
26	44	16	
26	45	16	
26	46	16	
26	48	16	
26	51	16	
26	52	16	
26	55	16	
26	56	16	
26	57	16	
26	60	16	
26	61	16	
26	62	16	
26	63	16	
26	29	4	
26	36	4	
26	38	4	
26	40	4	
26	29	8	
26	30	8	
26	31	8	
26	36	8	
26	37	8	
26	38	8	
26	39	8	
26	41	8	
26	54	8	
27	28	16	
27	29	16	
27	30	16	
27	31	16	
27	32	16	
27	33	16	
27	36	16	
27	37	16	
27	38	16	
27	39	16	
27	40	16	
27	41	16	
27	42	16	
27	43	16	
27	44	16	
27	45	16	
27	46	16	
27	48	16	
27	51	16	
27	52	16	
27	55	16	
27	56	16	
27	57	16	
27	60	16	
27	61	16	
27	62	16	
27	63	16	
27	28	24	
27	29	24	
27	30	24	
27	31	24	
27	32	24	
27	33	24	
27	36	24	
27	37	24	
27	38	24	
27	39	24	
27	40	24	
27	41	24	
27	42	24	
27	43	24	
27	44	24	
27	47	24	
27	55	24	
27	56	24	
27	28	3	
27	29	3	
27	30	3	
27	31	3	
27	32	3	
27	36	3	
27	37	3	
27	38	3	
27	39	3	
27	40	3	
27	43	3	
27	28	4	
27	29	4	
27	32	4	
27	36	4	
27	38	4	
27	40	4	
27	29	8	
27	30	8	
27	31	8	
27	36	8	
27	37	8	
27	38	8	
27	39	8	
27	41	8	
27	54	8	
27	28	25	
27	29	25	
27	30	25	
27	31	25	
27	32	25	
27	33	25	
27	36	25	
27	37	25	
27	38	25	
27	39	25	
27	40	25	
27	41	25	
27	42	25	
27	43	25	
27	44	25	
27	45	25	
27	46	25	
27	47	25	
27	48	25	
27	51	25	
27	52	25	
27	53	25	
27	54	25	
27	55	25	
27	56	25	
27	60	25	
27	28	26	
27	32	26	
27	33	26	
28	29	16	
28	30	16	
28	31	16	
28	32	16	
28	33	16	
28	36	16	
28	37	16	
28	38	16	
28	39	16	
28	40	16	
28	41	16	
28	42	16	
28	43	16	
28	44	16	
28	45	16	
28	46	16	
28	48	16	
28	51	16	
28	52	16	
28	55	16	
28	56	16	
28	57	16	
28	60	16	
28	61	16	
28	62	16	
28	63	16	
28	29	3	
28	30	3	
28	31	3	
28	32	3	
28	36	3	
28	37	3	
28	38	3	
28	39	3	
28	40	3	
28	43	3	
28	29	4	
28	32	4	
28	36	4	
28	38	4	
28	40	4	
28	29	24	
28	30	24	
28	31	24	
28	32	24	
28	33	24	
28	36	24	
28	37	24	
28	38	24	
28	39	24	
28	40	24	
28	41	24	
28	42	24	
28	43	24	
28	44	24	
28	47	24	
28	55	24	
28	56	24	
28	29	25	
28	30	25	
28	31	25	
28	32	25	
28	33	25	
28	36	25	
28	37	25	
28	38	25	
28	39	25	
28	40	25	
28	41	25	
28	42	25	
28	43	25	
28	44	25	
28	45	25	
28	46	25	
28	47	25	
28	48	25	
28	51	25	
28	52	25	
28	53	25	
28	54	25	
28	55	25	
28	56	25	
28	60	25	
28	32	26	
28	33	26	
29	31	1	
29	31	3	
29	32	3	
29	36	3	
29	37	3	
29	38	3	
29	39	3	
29	40	3	
29	43	3	
29	32	4	
29	36	4	
29	38	4	
29	40	4	
29	31	8	
29	36	8	
29	37	8	
29	38	8	
29	39	8	
29	41	8	
29	54	8	
29	31	16	
29	32	16	
29	33	16	
29	36	16	
29	37	16	
29	38	16	
29	39	16	
29	40	16	
29	41	16	
29	42	16	
29	43	16	
29	44	16	
29	45	16	
29	46	16	
29	48	16	
29	51	16	
29	52	16	
29	55	16	
29	56	16	
29	57	16	
29	60	16	
29	61	16	
29	62	16	
29	63	16	
29	31	24	
29	32	24	
29	33	24	
29	36	24	
29	37	24	
29	38	24	
29	39	24	
29	40	24	
29	41	24	
29	42	24	
29	43	24	
29	44	24	
29	47	24	
29	55	24	
29	56	24	
29	31	25	
29	32	25	
29	33	25	
29	36	25	
29	37	25	
29	38	25	
29	39	25	
29	40	25	
29	41	25	
29	42	25	
29	43	25	
29	44	25	
29	45	25	
29	46	25	
29	47	25	
29	48	25	
29	51	25	
29	52	25	
29	53	25	
29	54	25	
29	55	25	
29	56	25	
29	60	25	
30	31	16	
30	32	16	
30	33	16	
30	36	16	
30	37	16	
30	38	16	
30	39	16	
30	40	16	
30	41	16	
30	42	16	
30	43	16	
30	44	16	
30	45	16	
30	46	16	
30	48	16	
30	51	16	
30	52	16	
30	55	16	
30	56	16	
30	57	16	
30	60	16	
30	61	16	
30	62	16	
30	63	16	
30	31	1	
30	31	3	
30	32	3	
30	36	3	
30	37	3	
30	38	3	
30	39	3	
30	40	3	
30	43	3	
30	36	19	
30	37	19	
30	38	19	
30	39	19	
30	40	19	
30	41	19	
30	43	19	
30	44	19	
30	45	19	
30	46	19	
30	48	19	
30	52	19	
30	55	19	
30	60	19	
30	61	19	
30	62	19	
30	63	19	
30	31	8	
30	36	8	
30	37	8	
30	38	8	
30	39	8	
30	41	8	
30	54	8	
30	31	25	
30	32	25	
30	33	25	
30	36	25	
30	37	25	
30	38	25	
30	39	25	
30	40	25	
30	41	25	
30	42	25	
30	43	25	
30	44	25	
30	45	25	
30	46	25	
30	47	25	
30	48	25	
30	51	25	
30	52	25	
30	53	25	
30	54	25	
30	55	25	
30	56	25	
30	60	25	
30	31	24	
30	32	24	
30	33	24	
30	36	24	
30	37	24	
30	38	24	
30	39	24	
30	40	24	
30	41	24	
30	42	24	
30	43	24	
30	44	24	
30	47	24	
30	55	24	
30	56	24	
31	32	16	
31	33	16	
31	36	16	
31	37	16	
31	38	16	
31	39	16	
31	40	16	
31	41	16	
31	42	16	
31	43	16	
31	44	16	
31	45	16	
31	46	16	
31	48	16	
31	51	16	
31	52	16	
31	55	16	
31	56	16	
31	57	16	
31	60	16	
31	61	16	
31	62	16	
31	63	16	
31	32	3	
31	36	3	
31	37	3	
31	38	3	
31	39	3	
31	40	3	
31	43	3	
31	32	24	
31	33	24	
31	36	24	
31	37	24	
31	38	24	
31	39	24	
31	40	24	
31	41	24	
31	42	24	
31	43	24	
31	44	24	
31	47	24	
31	55	24	
31	56	24	
31	36	8	
31	37	8	
31	38	8	
31	39	8	
31	41	8	
31	54	8	
31	32	25	
31	33	25	
31	36	25	
31	37	25	
31	38	25	
31	39	25	
31	40	25	
31	41	25	
31	42	25	
31	43	25	
31	44	25	
31	45	25	
31	46	25	
31	47	25	
31	48	25	
31	51	25	
31	52	25	
31	53	25	
31	54	25	
31	55	25	
31	56	25	
31	60	25	
32	36	4	
32	38	4	
32	40	4	
32	33	16	
32	36	16	
32	37	16	
32	38	16	
32	39	16	
32	40	16	
32	41	16	
32	42	16	
32	43	16	
32	44	16	
32	45	16	
32	46	16	
32	48	16	
32	52	16	
32	55	16	
32	56	16	
32	57	16	
32	60	16	
32	61	16	
32	62	16	
32	63	16	
32	36	3	
32	37	3	
32	38	3	
32	39	3	
32	40	3	
32	43	3	
32	33	24	
32	36	24	
32	37	24	
32	38	24	
32	39	24	
32	40	24	
32	41	24	
32	42	24	
32	43	24	
32	44	24	
32	47	24	
32	55	24	
32	56	24	
32	33	25	
32	36	25	
32	37	25	
32	38	25	
32	39	25	
32	40	25	
32	41	25	
32	42	25	
32	43	25	
32	44	25	
32	45	25	
32	46	25	
32	47	25	
32	48	25	
32	52	25	
32	53	25	
32	54	25	
32	55	25	
32	56	25	
32	60	25	
32	33	26	
33	36	16	
33	37	16	
33	38	16	
33	39	16	
33	40	16	
33	41	16	
33	42	16	
33	43	16	
33	44	16	
33	45	16	
33	46	16	
33	48	16	
33	51	16	
33	52	16	
33	55	16	
33	56	16	
33	57	16	
33	60	16	
33	61	16	
33	62	16	
33	63	16	
33	36	24	
33	37	24	
33	38	24	
33	39	24	
33	40	24	
33	41	24	
33	42	24	
33	43	24	
33	44	24	
33	47	24	
33	55	24	
33	56	24	
33	36	25	
33	37	25	
33	38	25	
33	39	25	
33	40	25	
33	41	25	
33	42	25	
33	43	25	
33	44	25	
33	45	25	
33	46	25	
33	47	25	
33	48	25	
33	51	25	
33	52	25	
33	53	25	
33	54	25	
33	55	25	
33	56	25	
33	60	25	
33	39	10	
33	42	10	
36	37	35	
36	38	35	
36	39	35	
36	41	35	
36	42	35	
36	43	35	
36	45	35	
36	48	35	
36	49	35	
36	51	35	
36	52	35	
36	54	35	
36	56	35	
36	57	35	
36	60	35	
36	61	35	
36	62	35	
36	63	35	
36	37	34	
36	38	34	
36	39	34	
36	40	34	
36	41	34	
36	42	34	
36	44	34	
36	45	34	
36	46	34	
36	48	34	
36	49	34	
36	51	34	
36	52	34	
36	54	34	
36	55	34	
36	56	34	
36	57	34	
36	60	34	
36	61	34	
36	62	34	
36	63	34	
36	37	3	
36	38	3	
36	39	3	
36	40	3	
36	43	3	
36	38	4	
36	40	4	
36	37	8	
36	38	8	
36	39	8	
36	41	8	
36	54	8	
36	37	16	
36	38	16	
36	39	16	
36	40	16	
36	41	16	
36	42	16	
36	43	16	
36	44	16	
36	45	16	
36	46	16	
36	48	16	
36	51	16	
36	52	16	
36	55	16	
36	56	16	
36	57	16	
36	60	16	
36	61	16	
36	62	16	
36	63	16	
36	37	19	
36	38	19	
36	39	19	
36	40	19	
36	41	19	
36	43	19	
36	44	19	
36	45	19	
36	46	19	
36	48	19	
36	52	19	
36	55	19	
36	60	19	
36	61	19	
36	62	19	
36	63	19	
36	37	24	
36	38	24	
36	39	24	
36	40	24	
36	41	24	
36	42	24	
36	43	24	
36	44	24	
36	55	24	
36	56	24	
36	37	25	
36	38	25	
36	39	25	
36	40	25	
36	41	25	
36	42	25	
36	43	25	
36	44	25	
36	45	25	
36	46	25	
36	48	25	
36	51	25	
36	52	25	
36	54	25	
36	55	25	
36	56	25	
36	60	25	
37	38	16	
37	39	16	
37	40	16	
37	41	16	
37	42	16	
37	43	16	
37	44	16	
37	45	16	
37	46	16	
37	48	16	
37	51	16	
37	52	16	
37	55	16	
37	56	16	
37	57	16	
37	60	16	
37	61	16	
37	62	16	
37	63	16	
37	38	19	
37	39	19	
37	40	19	
37	41	19	
37	43	19	
37	44	19	
37	45	19	
37	46	19	
37	48	19	
37	52	19	
37	55	19	
37	60	19	
37	61	19	
37	62	19	
37	63	19	
37	38	34	
37	39	34	
37	40	34	
37	41	34	
37	42	34	
37	44	34	
37	45	34	
37	46	34	
37	48	34	
37	49	34	
37	51	34	
37	52	34	
37	53	34	
37	54	34	
37	55	34	
37	56	34	
37	57	34	
37	60	34	
37	61	34	
37	62	34	
37	63	34	
37	38	3	
37	39	3	
37	40	3	
37	43	3	
37	38	24	
37	39	24	
37	40	24	
37	41	24	
37	42	24	
37	43	24	
37	44	24	
37	47	24	
37	55	24	
37	56	24	
37	38	8	
37	39	8	
37	41	8	
37	54	8	
37	38	25	
37	39	25	
37	40	25	
37	41	25	
37	42	25	
37	43	25	
37	44	25	
37	45	25	
37	46	25	
37	47	25	
37	48	25	
37	51	25	
37	52	25	
37	53	25	
37	54	25	
37	55	25	
37	56	25	
37	60	25	
37	38	35	
37	39	35	
37	41	35	
37	42	35	
37	43	35	
37	45	35	
37	48	35	
37	49	35	
37	51	35	
37	52	35	
37	53	35	
37	54	35	
37	56	35	
37	57	35	
37	60	35	
37	61	35	
37	62	35	
37	63	35	
38	39	34	
38	40	34	
38	41	34	
38	42	34	
38	44	34	
38	45	34	
38	46	34	
38	49	34	
38	52	34	
38	53	34	
38	54	34	
38	55	34	
38	56	34	
38	57	34	
38	60	34	
38	61	34	
38	62	34	
38	63	34	
38	39	3	
38	40	3	
38	43	3	
38	40	4	
38	39	35	
38	41	35	
38	42	35	
38	43	35	
38	45	35	
38	49	35	
38	52	35	
38	53	35	
38	54	35	
38	56	35	
38	57	35	
38	60	35	
38	61	35	
38	62	35	
38	63	35	
38	39	8	
38	41	8	
38	54	8	
38	39	16	
38	40	16	
38	41	16	
38	42	16	
38	43	16	
38	44	16	
38	45	16	
38	46	16	
38	52	16	
38	55	16	
38	56	16	
38	57	16	
38	60	16	
38	61	16	
38	62	16	
38	63	16	
38	39	19	
38	40	19	
38	41	19	
38	43	19	
38	44	19	
38	45	19	
38	46	19	
38	52	19	
38	55	19	
38	60	19	
38	61	19	
38	62	19	
38	63	19	
38	39	24	
38	40	24	
38	41	24	
38	42	24	
38	43	24	
38	44	24	
38	47	24	
38	55	24	
38	56	24	
38	39	25	
38	40	25	
38	41	25	
38	42	25	
38	43	25	
38	44	25	
38	45	25	
38	46	25	
38	47	25	
38	52	25	
38	53	25	
38	54	25	
38	55	25	
38	56	25	
38	60	25	
39	41	35	
39	42	35	
39	43	35	
39	45	35	
39	48	35	
39	49	35	
39	52	35	
39	54	35	
39	56	35	
39	57	35	
39	60	35	
39	61	35	
39	62	35	
39	63	35	
39	40	34	
39	41	34	
39	42	34	
39	44	34	
39	45	34	
39	46	34	
39	48	34	
39	49	34	
39	52	34	
39	54	34	
39	55	34	
39	56	34	
39	57	34	
39	60	34	
39	61	34	
39	62	34	
39	63	34	
39	40	3	
39	43	3	
39	41	8	
39	54	8	
39	42	10	
39	55	15	
39	40	16	
39	41	16	
39	42	16	
39	43	16	
39	44	16	
39	45	16	
39	46	16	
39	48	16	
39	52	16	
39	55	16	
39	56	16	
39	57	16	
39	60	16	
39	61	16	
39	62	16	
39	63	16	
39	40	19	
39	41	19	
39	43	19	
39	44	19	
39	45	19	
39	46	19	
39	48	19	
39	52	19	
39	55	19	
39	60	19	
39	61	19	
39	62	19	
39	63	19	
39	40	24	
39	41	24	
39	42	24	
39	43	24	
39	44	24	
39	47	24	
39	55	24	
39	56	24	
39	40	25	
39	41	25	
39	42	25	
39	43	25	
39	44	25	
39	45	25	
39	46	25	
39	47	25	
39	48	25	
39	52	25	
39	54	25	
39	55	25	
39	56	25	
39	60	25	
40	41	34	
40	44	34	
40	45	34	
40	46	34	
40	49	34	
40	52	34	
40	54	34	
40	55	34	
40	56	34	
40	57	34	
40	60	34	
40	61	34	
40	62	34	
40	63	34	
40	43	3	
40	41	16	
40	43	16	
40	44	16	
40	45	16	
40	46	16	
40	52	16	
40	55	16	
40	56	16	
40	57	16	
40	60	16	
40	61	16	
40	62	16	
40	63	16	
40	41	19	
40	43	19	
40	44	19	
40	45	19	
40	46	19	
40	52	19	
40	55	19	
40	60	19	
40	61	19	
40	62	19	
40	63	19	
40	41	24	
40	43	24	
40	44	24	
40	47	24	
40	55	24	
40	56	24	
40	41	25	
40	43	25	
40	44	25	
40	45	25	
40	46	25	
40	47	25	
40	52	25	
40	54	25	
40	55	25	
40	56	25	
40	60	25	
41	43	2	
41	45	2	
41	47	2	
41	48	2	
41	51	2	
41	52	2	
41	54	2	
41	56	2	
41	57	2	
41	42	35	
41	43	35	
41	45	35	
41	48	35	
41	49	35	
41	51	35	
41	52	35	
41	54	35	
41	56	35	
41	57	35	
41	60	35	
41	61	35	
41	62	35	
41	63	35	
41	54	8	
41	42	34	
41	44	34	
41	45	34	
41	46	34	
41	48	34	
41	49	34	
41	51	34	
41	52	34	
41	54	34	
41	55	34	
41	56	34	
41	57	34	
41	60	34	
41	61	34	
41	62	34	
41	63	34	
41	45	14	
41	51	14	
41	52	14	
41	42	16	
41	43	16	
41	44	16	
41	45	16	
41	46	16	
41	48	16	
41	51	16	
41	52	16	
41	55	16	
41	56	16	
41	57	16	
41	60	16	
41	61	16	
41	62	16	
41	63	16	
41	43	19	
41	44	19	
41	45	19	
41	46	19	
41	48	19	
41	52	19	
41	55	19	
41	60	19	
41	61	19	
41	62	19	
41	63	19	
41	42	24	
41	43	24	
41	44	24	
41	47	24	
41	55	24	
41	56	24	
41	42	25	
41	43	25	
41	44	25	
41	45	25	
41	46	25	
41	47	25	
41	48	25	
41	51	25	
41	52	25	
41	54	25	
41	55	25	
41	56	25	
41	60	25	
42	44	34	
42	45	34	
42	46	34	
42	48	34	
42	49	34	
42	52	34	
42	54	34	
42	55	34	
42	56	34	
42	57	34	
42	60	34	
42	61	34	
42	62	34	
42	63	34	
42	43	35	
42	45	35	
42	48	35	
42	49	35	
42	52	35	
42	54	35	
42	56	35	
42	57	35	
42	60	35	
42	61	35	
42	62	35	
42	63	35	
42	43	9	
42	45	9	
42	46	9	
42	47	9	
42	48	9	
42	52	9	
42	54	9	
42	55	9	
42	57	9	
42	60	9	
42	61	9	
42	62	9	
42	63	9	
42	43	16	
42	44	16	
42	45	16	
42	46	16	
42	48	16	
42	52	16	
42	55	16	
42	56	16	
42	57	16	
42	60	16	
42	61	16	
42	62	16	
42	63	16	
42	43	20	
42	45	20	
42	54	20	
42	43	24	
42	44	24	
42	47	24	
42	55	24	
42	56	24	
42	43	25	
42	44	25	
42	45	25	
42	46	25	
42	47	25	
42	48	25	
42	52	25	
42	54	25	
42	55	25	
42	56	25	
42	60	25	
43	45	35	
43	48	35	
43	49	35	
43	51	35	
43	52	35	
43	54	35	
43	56	35	
43	57	35	
43	60	35	
43	61	35	
43	62	35	
43	63	35	
43	45	2	
43	47	2	
43	48	2	
43	51	2	
43	52	2	
43	54	2	
43	56	2	
43	57	2	
43	45	9	
43	46	9	
43	47	9	
43	48	9	
43	51	9	
43	52	9	
43	54	9	
43	55	9	
43	57	9	
43	60	9	
43	61	9	
43	62	9	
43	63	9	
43	44	16	
43	45	16	
43	46	16	
43	48	16	
43	51	16	
43	52	16	
43	55	16	
43	56	16	
43	57	16	
43	60	16	
43	61	16	
43	62	16	
43	63	16	
43	44	19	
43	45	19	
43	46	19	
43	48	19	
43	52	19	
43	55	19	
43	60	19	
43	61	19	
43	62	19	
43	63	19	
43	45	20	
43	54	20	
43	44	24	
43	47	24	
43	55	24	
43	56	24	
43	44	25	
43	45	25	
43	46	25	
43	47	25	
43	48	25	
43	51	25	
43	52	25	
43	54	25	
43	55	25	
43	56	25	
43	60	25	
44	45	34	
44	46	34	
44	49	34	
44	52	34	
44	54	34	
44	55	34	
44	56	34	
44	57	34	
44	60	34	
44	61	34	
44	62	34	
44	63	34	
44	45	16	
44	46	16	
44	52	16	
44	55	16	
44	56	16	
44	57	16	
44	60	16	
44	61	16	
44	62	16	
44	63	16	
44	45	19	
44	46	19	
44	52	19	
44	55	19	
44	60	19	
44	61	19	
44	62	19	
44	63	19	
44	55	24	
44	56	24	
44	45	25	
44	46	25	
44	52	25	
44	54	25	
44	55	25	
44	56	25	
44	60	25	
45	47	2	
45	48	2	
45	51	2	
45	52	2	
45	56	2	
45	57	2	
45	48	35	
45	49	35	
45	51	35	
45	52	35	
45	56	35	
45	57	35	
45	60	35	
45	61	35	
45	62	35	
45	63	35	
45	46	9	
45	47	9	
45	48	9	
45	51	9	
45	52	9	
45	55	9	
45	57	9	
45	60	9	
45	61	9	
45	62	9	
45	63	9	
45	46	34	
45	48	34	
45	49	34	
45	51	34	
45	52	34	
45	55	34	
45	56	34	
45	57	34	
45	60	34	
45	61	34	
45	62	34	
45	63	34	
45	51	14	
45	52	14	
45	46	16	
45	48	16	
45	51	16	
45	52	16	
45	55	16	
45	56	16	
45	57	16	
45	60	16	
45	61	16	
45	62	16	
45	63	16	
45	46	19	
45	48	19	
45	52	19	
45	55	19	
45	60	19	
45	61	19	
45	62	19	
45	63	19	
45	46	25	
45	47	25	
45	48	25	
45	51	25	
45	52	25	
45	55	25	
45	56	25	
45	60	25	
46	49	34	
46	52	34	
46	54	34	
46	55	34	
46	56	34	
46	57	34	
46	60	34	
46	61	34	
46	62	34	
46	63	34	
46	52	9	
46	54	9	
46	55	9	
46	57	9	
46	60	9	
46	61	9	
46	62	9	
46	63	9	
46	52	16	
46	55	16	
46	56	16	
46	57	16	
46	60	16	
46	61	16	
46	62	16	
46	63	16	
46	52	19	
46	55	19	
46	60	19	
46	61	19	
46	62	19	
46	63	19	
46	52	25	
46	54	25	
46	55	25	
46	56	25	
46	60	25	
48	51	2	
48	52	2	
48	56	2	
48	57	2	
48	51	35	
48	52	35	
48	56	35	
48	57	35	
48	60	35	
48	61	35	
48	62	35	
48	63	35	
48	51	9	
48	52	9	
48	55	9	
48	57	9	
48	60	9	
48	61	9	
48	62	9	
48	63	9	
48	51	34	
48	52	34	
48	55	34	
48	56	34	
48	57	34	
48	60	34	
48	61	34	
48	62	34	
48	63	34	
48	51	16	
48	52	16	
48	55	16	
48	56	16	
48	57	16	
48	60	16	
48	61	16	
48	62	16	
48	63	16	
48	52	19	
48	55	19	
48	60	19	
48	61	19	
48	62	19	
48	63	19	
48	51	25	
48	52	25	
48	55	25	
48	56	25	
48	60	25	
49	52	35	
49	56	35	
49	60	35	
49	61	35	
49	62	35	
49	63	35	
49	52	34	
49	55	34	
49	56	34	
49	60	34	
49	61	34	
49	62	34	
49	63	34	
51	63	35	
51	55	9	
51	63	9	
51	55	34	
51	63	34	
51	55	47	
51	63	47	
51	55	16	
51	63	16	
51	55	25	
52	56	51	
52	57	51	
52	60	51	
52	61	51	
52	62	51	
52	56	2	
52	57	2	
52	56	35	
52	57	35	
52	60	35	
52	61	35	
52	62	35	
52	63	35	
52	55	9	
52	57	9	
52	60	9	
52	61	9	
52	62	9	
52	63	9	
52	55	34	
52	56	34	
52	57	34	
52	60	34	
52	61	34	
52	62	34	
52	63	34	
52	55	47	
52	56	47	
52	57	47	
52	60	47	
52	61	47	
52	62	47	
52	63	47	
52	55	16	
52	56	16	
52	57	16	
52	60	16	
52	61	16	
52	62	16	
52	63	16	
52	55	50	
52	56	50	
52	57	50	
52	60	50	
52	61	50	
52	62	50	
52	63	50	
52	55	19	
52	60	19	
52	61	19	
52	62	19	
52	63	19	
52	55	25	
52	56	25	
52	60	25	
53	56	2	
53	56	35	
53	56	34	
53	56	25	
54	56	2	
54	56	35	
54	56	34	
54	56	25	
55	56	34	
55	57	34	
55	60	34	
55	61	34	
55	62	34	
55	63	34	
55	57	9	
55	60	9	
55	61	9	
55	62	9	
55	63	9	
55	56	47	
55	57	47	
55	60	47	
55	61	47	
55	62	47	
55	63	47	
55	56	16	
55	57	16	
55	60	16	
55	61	16	
55	62	16	
55	63	16	
55	56	50	
55	57	50	
55	60	50	
55	61	50	
55	62	50	
55	63	50	
55	60	19	
55	61	19	
55	62	19	
55	63	19	
55	57	53	
55	60	53	
55	61	53	
55	62	53	
55	63	53	
55	57	54	
55	60	54	
55	61	54	
55	63	54	
55	56	24	
55	56	25	
55	60	25	
56	57	16	
56	60	16	
56	61	16	
56	62	16	
56	63	16	
56	57	50	
56	60	50	
56	61	50	
56	62	50	
56	63	50	
56	57	2	
56	57	35	
56	60	35	
56	61	35	
56	62	35	
56	63	35	
56	57	51	
56	60	51	
56	61	51	
56	62	51	
56	60	25	
56	57	34	
56	60	34	
56	61	34	
56	62	34	
56	63	34	
56	57	47	
56	60	47	
56	61	47	
56	62	47	
56	63	47	
57	60	35	
57	61	35	
57	62	35	
57	63	35	
57	60	9	
57	61	9	
57	62	9	
57	63	9	
57	60	34	
57	61	34	
57	62	34	
57	63	34	
57	60	47	
57	61	47	
57	62	47	
57	63	47	
57	60	16	
57	61	16	
57	62	16	
57	63	16	
57	60	50	
57	61	50	
57	62	50	
57	63	50	
57	60	51	
57	61	51	
57	62	51	
57	60	53	
57	61	53	
57	62	53	
57	63	53	
57	60	54	
57	61	54	
57	63	54	
60	61	51	
60	62	51	
60	61	34	
60	62	34	
60	63	34	
60	61	35	
60	62	35	
60	63	35	
60	61	9	
60	62	9	
60	63	9	
60	61	47	
60	62	47	
60	63	47	
60	61	16	
60	62	16	
60	63	16	
60	61	50	
60	62	50	
60	63	50	
60	61	19	
60	62	19	
60	63	19	
60	61	53	
60	62	53	
60	63	53	
60	61	54	
60	63	54	
60	61	58	
60	62	58	
60	63	58	
60	61	59	
60	63	59	
61	63	34	
61	63	35	
61	63	9	
61	63	47	
61	63	16	
61	63	50	
61	63	19	
61	63	53	
61	63	54	
61	63	58	
61	63	59	
1	7	48	
1	8	48	
1	14	48	
1	15	48	
1	38	48	
1	40	48	
1	44	48	
1	46	48	
1	2	34	
1	5	34	
1	6	34	
1	7	34	
1	8	34	
1	9	34	
1	10	34	
1	11	34	
1	12	34	
1	13	34	
1	14	34	
1	15	34	
1	17	34	
1	18	34	
1	20	34	
1	21	34	
1	22	34	
1	23	34	
1	27	34	
1	28	34	
1	32	34	
1	33	34	
1	2	35	
1	5	35	
1	6	35	
1	7	35	
1	8	35	
1	9	35	
1	10	35	
1	11	35	
1	12	35	
1	13	35	
1	15	35	
1	17	35	
1	18	35	
1	19	35	
1	20	35	
1	21	35	
1	22	35	
1	23	35	
1	27	35	
1	28	35	
1	32	35	
1	33	35	
1	4	16	
1	5	16	
1	6	16	
1	7	16	
1	8	16	
1	9	16	
1	10	16	
1	11	16	
1	12	16	
1	13	16	
1	15	16	
1	4	49	
1	7	49	
1	8	49	
1	9	49	
1	10	49	
1	11	49	
1	14	49	
1	15	49	
1	17	49	
1	18	49	
1	7	50	
1	8	50	
1	15	50	
1	20	50	
1	26	50	
1	32	50	
1	33	50	
1	38	50	
1	39	50	
1	40	50	
1	41	50	
1	42	50	
1	43	50	
1	44	50	
1	45	50	
1	46	50	
1	4	53	
1	5	53	
1	6	53	
1	10	53	
1	12	53	
1	13	53	
1	14	53	
1	15	53	
1	18	53	
1	20	53	
1	36	53	
1	39	53	
1	40	53	
1	41	53	
1	42	53	
1	43	53	
1	44	53	
1	45	53	
1	46	53	
1	51	53	
1	52	53	
1	2	24	
1	5	24	
1	6	24	
1	7	24	
1	11	24	
1	12	24	
1	13	24	
1	14	24	
1	19	24	
1	20	24	
1	21	24	
1	22	24	
1	23	24	
1	2	25	
1	5	25	
1	6	25	
1	7	25	
1	9	25	
1	10	25	
1	11	25	
1	12	25	
1	13	25	
1	14	25	
1	15	25	
1	17	25	
1	19	25	
1	20	25	
1	21	25	
1	22	25	
1	23	25	
1	2	58	
1	4	58	
1	5	58	
1	6	58	
1	7	58	
1	8	58	
1	10	58	
1	11	58	
1	12	58	
1	13	58	
1	14	58	
1	15	58	
1	17	58	
1	18	58	
1	20	58	
1	21	58	
1	22	58	
1	23	58	
1	26	58	
1	27	58	
1	28	58	
1	32	58	
1	33	58	
1	36	58	
1	37	58	
1	38	58	
1	39	58	
1	40	58	
1	41	58	
1	42	58	
1	43	58	
1	44	58	
1	45	58	
1	46	58	
1	52	58	
1	55	58	
1	56	58	
1	57	58	
1	4	59	
1	5	59	
1	6	59	
1	7	59	
1	8	59	
1	10	59	
1	11	59	
1	12	59	
1	13	59	
1	14	59	
1	15	59	
1	17	59	
1	18	59	
1	23	59	
1	26	59	
1	27	59	
1	28	59	
1	32	59	
1	33	59	
1	36	59	
1	37	59	
1	38	59	
1	39	59	
1	40	59	
1	41	59	
1	43	59	
1	44	59	
1	45	59	
1	46	59	
1	52	59	
1	55	59	
1	57	59	
2	5	34	
2	6	34	
2	8	34	
2	9	34	
2	10	34	
2	11	34	
2	12	34	
2	13	34	
2	14	34	
2	21	34	
2	22	34	
2	23	34	
2	27	34	
2	28	34	
2	29	34	
2	30	34	
2	31	34	
2	32	34	
2	33	34	
2	5	35	
2	6	35	
2	8	35	
2	9	35	
2	10	35	
2	11	35	
2	12	35	
2	13	35	
2	21	35	
2	22	35	
2	23	35	
2	27	35	
2	28	35	
2	29	35	
2	30	35	
2	31	35	
2	32	35	
2	33	35	
2	5	24	
2	6	24	
2	11	24	
2	12	24	
2	13	24	
2	14	24	
2	21	24	
2	22	24	
2	23	24	
2	5	25	
2	6	25	
2	9	25	
2	10	25	
2	11	25	
2	12	25	
2	13	25	
2	14	25	
2	21	25	
2	22	25	
2	23	25	
2	3	58	
2	4	58	
2	5	58	
2	6	58	
2	8	58	
2	10	58	
2	11	58	
2	12	58	
2	13	58	
2	14	58	
2	21	58	
2	22	58	
2	23	58	
2	26	58	
2	27	58	
2	28	58	
2	29	58	
2	30	58	
2	31	58	
2	32	58	
2	33	58	
2	36	58	
2	37	58	
2	38	58	
2	39	58	
2	40	58	
2	42	58	
2	44	58	
2	46	58	
2	55	58	
3	4	16	
3	5	16	
3	6	16	
3	7	16	
3	8	16	
3	9	16	
3	10	16	
3	11	16	
3	12	16	
3	13	16	
3	15	16	
3	4	49	
3	7	49	
3	8	49	
3	9	49	
3	10	49	
3	11	49	
3	14	49	
3	15	49	
3	17	49	
3	18	49	
3	48	49	
3	4	51	
3	10	51	
3	11	51	
3	12	51	
3	17	51	
3	18	51	
3	20	51	
3	42	51	
3	44	51	
3	46	51	
3	4	59	
3	5	59	
3	6	59	
3	7	59	
3	8	59	
3	10	59	
3	11	59	
3	12	59	
3	13	59	
3	14	59	
3	15	59	
3	17	59	
3	18	59	
3	33	59	
3	41	59	
3	44	59	
3	45	59	
3	46	59	
3	48	59	
3	52	59	
3	55	59	
3	57	59	
3	4	58	
3	5	58	
3	6	58	
3	7	58	
3	8	58	
3	10	58	
3	11	58	
3	12	58	
3	13	58	
3	14	58	
3	15	58	
3	17	58	
3	18	58	
3	20	58	
3	33	58	
3	41	58	
3	42	58	
3	44	58	
3	45	58	
3	46	58	
3	48	58	
3	52	58	
3	53	58	
3	55	58	
3	56	58	
3	57	58	
4	10	51	
4	11	51	
4	12	51	
4	17	51	
4	18	51	
4	20	51	
4	39	51	
4	42	51	
4	44	51	
4	46	51	
4	5	47	
4	18	47	
4	44	47	
4	46	47	
4	5	16	
4	6	16	
4	7	16	
4	8	16	
4	9	16	
4	10	16	
4	11	16	
4	12	16	
4	13	16	
4	15	16	
4	7	49	
4	8	49	
4	9	49	
4	10	49	
4	11	49	
4	14	49	
4	15	49	
4	17	49	
4	18	49	
4	48	49	
4	5	19	
4	6	19	
4	9	19	
4	10	19	
4	11	19	
4	12	19	
4	13	19	
4	15	19	
4	17	19	
4	18	19	
4	5	53	
4	6	53	
4	10	53	
4	12	53	
4	13	53	
4	14	53	
4	15	53	
4	18	53	
4	20	53	
4	39	53	
4	41	53	
4	42	53	
4	43	53	
4	44	53	
4	45	53	
4	46	53	
4	48	53	
4	52	53	
4	5	58	
4	6	58	
4	7	58	
4	8	58	
4	10	58	
4	11	58	
4	12	58	
4	13	58	
4	14	58	
4	15	58	
4	17	58	
4	18	58	
4	20	58	
4	23	58	
4	30	58	
4	31	58	
4	33	58	
4	37	58	
4	39	58	
4	41	58	
4	42	58	
4	43	58	
4	44	58	
4	45	58	
4	46	58	
4	48	58	
4	52	58	
4	55	58	
4	56	58	
4	57	58	
4	5	59	
4	6	59	
4	7	59	
4	8	59	
4	10	59	
4	11	59	
4	12	59	
4	13	59	
4	14	59	
4	15	59	
4	17	59	
4	18	59	
4	23	59	
4	31	59	
4	33	59	
4	37	59	
4	39	59	
4	41	59	
4	43	59	
4	44	59	
4	45	59	
4	46	59	
4	48	59	
4	52	59	
4	55	59	
4	57	59	
5	6	16	
5	7	16	
5	8	16	
5	9	16	
5	10	16	
5	11	16	
5	12	16	
5	13	16	
5	15	16	
5	6	35	
5	7	35	
5	8	35	
5	9	35	
5	10	35	
5	11	35	
5	12	35	
5	13	35	
5	15	35	
5	17	35	
5	18	35	
5	20	35	
5	21	35	
5	22	35	
5	23	35	
5	27	35	
5	28	35	
5	29	35	
5	30	35	
5	31	35	
5	32	35	
5	33	35	
5	6	34	
5	7	34	
5	8	34	
5	9	34	
5	10	34	
5	11	34	
5	12	34	
5	13	34	
5	14	34	
5	15	34	
5	17	34	
5	18	34	
5	20	34	
5	21	34	
5	22	34	
5	23	34	
5	27	34	
5	28	34	
5	29	34	
5	30	34	
5	31	34	
5	32	34	
5	33	34	
5	6	19	
5	9	19	
5	10	19	
5	11	19	
5	12	19	
5	13	19	
5	15	19	
5	17	19	
5	18	19	
5	6	53	
5	10	53	
5	12	53	
5	13	53	
5	14	53	
5	15	53	
5	18	53	
5	20	53	
5	36	53	
5	39	53	
5	40	53	
5	41	53	
5	42	53	
5	43	53	
5	44	53	
5	45	53	
5	46	53	
5	48	53	
5	49	53	
5	51	53	
5	52	53	
5	6	24	
5	7	24	
5	11	24	
5	12	24	
5	13	24	
5	14	24	
5	20	24	
5	21	24	
5	22	24	
5	23	24	
5	6	25	
5	7	25	
5	9	25	
5	10	25	
5	11	25	
5	12	25	
5	13	25	
5	14	25	
5	15	25	
5	17	25	
5	20	25	
5	21	25	
5	22	25	
5	23	25	
5	6	58	
5	7	58	
5	8	58	
5	10	58	
5	11	58	
5	12	58	
5	13	58	
5	14	58	
5	15	58	
5	17	58	
5	18	58	
5	20	58	
5	21	58	
5	22	58	
5	23	58	
5	26	58	
5	27	58	
5	28	58	
5	29	58	
5	30	58	
5	31	58	
5	32	58	
5	33	58	
5	36	58	
5	37	58	
5	38	58	
5	39	58	
5	40	58	
5	41	58	
5	42	58	
5	43	58	
5	44	58	
5	45	58	
5	46	58	
5	48	58	
5	49	58	
5	52	58	
5	55	58	
5	56	58	
5	57	58	
5	6	59	
5	7	59	
5	8	59	
5	10	59	
5	11	59	
5	12	59	
5	13	59	
5	14	59	
5	15	59	
5	17	59	
5	18	59	
5	23	59	
5	26	59	
5	27	59	
5	28	59	
5	29	59	
5	31	59	
5	32	59	
5	33	59	
5	36	59	
5	37	59	
5	38	59	
5	39	59	
5	40	59	
5	41	59	
5	43	59	
5	44	59	
5	45	59	
5	46	59	
5	48	59	
5	49	59	
5	52	59	
5	55	59	
5	57	59	
5	18	47	
5	36	47	
5	44	47	
5	46	47	
6	7	16	
6	8	16	
6	9	16	
6	10	16	
6	11	16	
6	12	16	
6	13	16	
6	15	16	
6	7	35	
6	8	35	
6	9	35	
6	10	35	
6	11	35	
6	12	35	
6	13	35	
6	15	35	
6	17	35	
6	18	35	
6	20	35	
6	21	35	
6	22	35	
6	23	35	
6	27	35	
6	28	35	
6	29	35	
6	30	35	
6	31	35	
6	32	35	
6	33	35	
6	7	34	
6	8	34	
6	9	34	
6	10	34	
6	11	34	
6	12	34	
6	13	34	
6	14	34	
6	15	34	
6	17	34	
6	18	34	
6	20	34	
6	21	34	
6	22	34	
6	23	34	
6	27	34	
6	28	34	
6	29	34	
6	30	34	
6	31	34	
6	32	34	
6	33	34	
6	9	19	
6	10	19	
6	11	19	
6	12	19	
6	13	19	
6	15	19	
6	17	19	
6	18	19	
6	10	53	
6	12	53	
6	13	53	
6	14	53	
6	15	53	
6	18	53	
6	20	53	
6	36	53	
6	39	53	
6	40	53	
6	41	53	
6	42	53	
6	43	53	
6	44	53	
6	45	53	
6	46	53	
6	48	53	
6	49	53	
6	51	53	
6	52	53	
6	7	24	
6	11	24	
6	12	24	
6	13	24	
6	14	24	
6	20	24	
6	21	24	
6	22	24	
6	23	24	
6	7	25	
6	9	25	
6	10	25	
6	11	25	
6	12	25	
6	13	25	
6	14	25	
6	15	25	
6	17	25	
6	20	25	
6	21	25	
6	22	25	
6	23	25	
6	7	58	
6	8	58	
6	10	58	
6	11	58	
6	12	58	
6	13	58	
6	14	58	
6	15	58	
6	17	58	
6	18	58	
6	20	58	
6	21	58	
6	22	58	
6	23	58	
6	26	58	
6	27	58	
6	28	58	
6	29	58	
6	30	58	
6	31	58	
6	32	58	
6	33	58	
6	36	58	
6	37	58	
6	38	58	
6	39	58	
6	40	58	
6	41	58	
6	42	58	
6	43	58	
6	44	58	
6	45	58	
6	46	58	
6	48	58	
6	49	58	
6	52	58	
6	55	58	
6	56	58	
6	57	58	
6	7	59	
6	8	59	
6	10	59	
6	11	59	
6	12	59	
6	13	59	
6	14	59	
6	15	59	
6	17	59	
6	18	59	
6	23	59	
6	26	59	
6	27	59	
6	28	59	
6	29	59	
6	31	59	
6	32	59	
6	33	59	
6	36	59	
6	37	59	
6	38	59	
6	39	59	
6	40	59	
6	41	59	
6	43	59	
6	44	59	
6	45	59	
6	46	59	
6	48	59	
6	49	59	
6	52	59	
6	55	59	
6	57	59	
7	14	48	
7	15	48	
7	38	48	
7	40	48	
7	44	48	
7	46	48	
7	9	35	
7	10	35	
7	11	35	
7	12	35	
7	13	35	
7	15	35	
7	17	35	
7	18	35	
7	19	35	
7	20	35	
7	21	35	
7	22	35	
7	23	35	
7	27	35	
7	28	35	
7	29	35	
7	30	35	
7	31	35	
7	32	35	
7	33	35	
7	9	34	
7	10	34	
7	11	34	
7	12	34	
7	13	34	
7	14	34	
7	15	34	
7	17	34	
7	18	34	
7	20	34	
7	21	34	
7	22	34	
7	23	34	
7	27	34	
7	28	34	
7	29	34	
7	30	34	
7	31	34	
7	32	34	
7	33	34	
7	9	16	
7	10	16	
7	11	16	
7	12	16	
7	13	16	
7	15	16	
7	9	49	
7	10	49	
7	11	49	
7	14	49	
7	15	49	
7	17	49	
7	18	49	
7	15	50	
7	20	50	
7	26	50	
7	29	50	
7	31	50	
7	32	50	
7	33	50	
7	38	50	
7	39	50	
7	40	50	
7	41	50	
7	42	50	
7	43	50	
7	44	50	
7	45	50	
7	46	50	
7	11	24	
7	12	24	
7	13	24	
7	14	24	
7	19	24	
7	20	24	
7	21	24	
7	22	24	
7	23	24	
7	9	25	
7	10	25	
7	11	25	
7	12	25	
7	13	25	
7	14	25	
7	15	25	
7	17	25	
7	19	25	
7	20	25	
7	21	25	
7	22	25	
7	23	25	
7	10	58	
7	11	58	
7	12	58	
7	13	58	
7	14	58	
7	15	58	
7	17	58	
7	18	58	
7	20	58	
7	21	58	
7	22	58	
7	23	58	
7	26	58	
7	27	58	
7	28	58	
7	29	58	
7	30	58	
7	31	58	
7	32	58	
7	33	58	
7	36	58	
7	37	58	
7	38	58	
7	39	58	
7	40	58	
7	41	58	
7	42	58	
7	43	58	
7	44	58	
7	45	58	
7	46	58	
7	52	58	
7	53	58	
7	55	58	
7	56	58	
7	57	58	
7	10	59	
7	11	59	
7	12	59	
7	13	59	
7	14	59	
7	15	59	
7	17	59	
7	18	59	
7	23	59	
7	26	59	
7	27	59	
7	28	59	
7	29	59	
7	31	59	
7	32	59	
7	33	59	
7	36	59	
7	37	59	
7	38	59	
7	39	59	
7	40	59	
7	41	59	
7	43	59	
7	44	59	
7	45	59	
7	46	59	
7	52	59	
7	55	59	
7	57	59	
8	9	16	
8	10	16	
8	11	16	
8	12	16	
8	13	16	
8	15	16	
8	14	48	
8	15	48	
8	40	48	
8	44	48	
8	46	48	
8	9	34	
8	10	34	
8	11	34	
8	12	34	
8	13	34	
8	14	34	
8	15	34	
8	17	34	
8	18	34	
8	20	34	
8	28	34	
8	32	34	
8	33	34	
8	9	35	
8	10	35	
8	11	35	
8	12	35	
8	13	35	
8	15	35	
8	17	35	
8	18	35	
8	19	35	
8	20	35	
8	28	35	
8	32	35	
8	33	35	
8	9	49	
8	10	49	
8	11	49	
8	14	49	
8	15	49	
8	17	49	
8	18	49	
8	10	58	
8	11	58	
8	12	58	
8	13	58	
8	14	58	
8	15	58	
8	17	58	
8	18	58	
8	20	58	
8	28	58	
8	32	58	
8	33	58	
8	40	58	
8	42	58	
8	43	58	
8	44	58	
8	45	58	
8	46	58	
8	52	58	
8	53	58	
8	55	58	
8	56	58	
8	57	58	
8	10	59	
8	11	59	
8	12	59	
8	13	59	
8	14	59	
8	15	59	
8	17	59	
8	18	59	
8	28	59	
8	32	59	
8	33	59	
8	40	59	
8	43	59	
8	44	59	
8	45	59	
8	46	59	
8	52	59	
8	55	59	
8	57	59	
8	15	50	
8	20	50	
8	32	50	
8	33	50	
8	40	50	
8	42	50	
8	43	50	
8	44	50	
8	45	50	
8	46	50	
9	11	16	
9	12	16	
9	11	35	
9	12	35	
9	17	35	
9	18	35	
9	20	35	
9	21	35	
9	22	35	
9	23	35	
9	27	35	
9	28	35	
9	29	35	
9	30	35	
9	31	35	
9	32	35	
9	33	35	
9	11	34	
9	12	34	
9	14	34	
9	17	34	
9	18	34	
9	20	34	
9	21	34	
9	22	34	
9	23	34	
9	27	34	
9	28	34	
9	29	34	
9	30	34	
9	31	34	
9	32	34	
9	33	34	
9	11	19	
9	12	19	
9	17	19	
9	18	19	
9	11	49	
9	14	49	
9	17	49	
9	18	49	
9	11	25	
9	12	25	
9	14	25	
9	17	25	
9	20	25	
9	21	25	
9	22	25	
9	23	25	
10	11	16	
10	12	16	
10	15	16	
10	11	35	
10	12	35	
10	15	35	
10	17	35	
10	18	35	
10	20	35	
10	21	35	
10	22	35	
10	23	35	
10	27	35	
10	28	35	
10	29	35	
10	30	35	
10	31	35	
10	32	35	
10	11	34	
10	12	34	
10	14	34	
10	15	34	
10	17	34	
10	18	34	
10	20	34	
10	21	34	
10	22	34	
10	23	34	
10	27	34	
10	28	34	
10	29	34	
10	30	34	
10	31	34	
10	32	34	
10	11	19	
10	12	19	
10	15	19	
10	17	19	
10	18	19	
10	11	49	
10	14	49	
10	15	49	
10	17	49	
10	18	49	
10	48	49	
10	11	51	
10	12	51	
10	17	51	
10	18	51	
10	20	51	
10	32	51	
10	38	51	
10	40	51	
10	44	51	
10	46	51	
10	11	25	
10	12	25	
10	14	25	
10	15	25	
10	17	25	
10	20	25	
10	21	25	
10	22	25	
10	23	25	
10	11	58	
10	12	58	
10	14	58	
10	15	58	
10	17	58	
10	18	58	
10	20	58	
10	21	58	
10	22	58	
10	23	58	
10	24	58	
10	26	58	
10	27	58	
10	28	58	
10	29	58	
10	30	58	
10	31	58	
10	32	58	
10	36	58	
10	37	58	
10	38	58	
10	40	58	
10	41	58	
10	43	58	
10	44	58	
10	45	58	
10	46	58	
10	48	58	
10	52	58	
10	55	58	
10	56	58	
10	57	58	
10	11	59	
10	12	59	
10	14	59	
10	15	59	
10	17	59	
10	18	59	
10	23	59	
10	24	59	
10	26	59	
10	27	59	
10	28	59	
10	29	59	
10	31	59	
10	32	59	
10	36	59	
10	37	59	
10	38	59	
10	40	59	
10	41	59	
10	43	59	
10	44	59	
10	45	59	
10	46	59	
10	48	59	
10	52	59	
10	55	59	
10	57	59	
10	12	53	
10	14	53	
10	15	53	
10	18	53	
10	20	53	
10	36	53	
10	40	53	
10	41	53	
10	43	53	
10	44	53	
10	45	53	
10	46	53	
10	48	53	
10	52	53	
11	12	16	
11	13	16	
11	15	16	
11	12	35	
11	13	35	
11	15	35	
11	17	35	
11	20	35	
11	21	35	
11	22	35	
11	23	35	
11	27	35	
11	28	35	
11	29	35	
11	30	35	
11	31	35	
11	32	35	
11	33	35	
11	12	19	
11	13	19	
11	15	19	
11	17	19	
11	12	51	
11	17	51	
11	20	51	
11	32	51	
11	38	51	
11	39	51	
11	40	51	
11	42	51	
11	44	51	
11	46	51	
11	14	49	
11	15	49	
11	17	49	
11	48	49	
11	12	24	
11	13	24	
11	14	24	
11	20	24	
11	21	24	
11	22	24	
11	23	24	
11	12	25	
11	13	25	
11	14	25	
11	15	25	
11	17	25	
11	20	25	
11	21	25	
11	22	25	
11	23	25	
11	12	58	
11	13	58	
11	14	58	
11	15	58	
11	17	58	
11	20	58	
11	21	58	
11	22	58	
11	23	58	
11	26	58	
11	27	58	
11	28	58	
11	29	58	
11	30	58	
11	31	58	
11	32	58	
11	33	58	
11	36	58	
11	37	58	
11	38	58	
11	39	58	
11	40	58	
11	41	58	
11	42	58	
11	43	58	
11	44	58	
11	45	58	
11	46	58	
11	48	58	
11	52	58	
11	53	58	
11	55	58	
11	56	58	
11	57	58	
11	12	59	
11	13	59	
11	14	59	
11	15	59	
11	17	59	
11	23	59	
11	26	59	
11	27	59	
11	28	59	
11	29	59	
11	31	59	
11	32	59	
11	33	59	
11	36	59	
11	37	59	
11	38	59	
11	39	59	
11	40	59	
11	41	59	
11	43	59	
11	44	59	
11	45	59	
11	46	59	
11	48	59	
11	52	59	
11	55	59	
11	57	59	
11	12	34	
11	13	34	
11	14	34	
11	15	34	
11	17	34	
11	20	34	
11	21	34	
11	22	34	
11	23	34	
11	27	34	
11	28	34	
11	29	34	
11	30	34	
11	31	34	
11	32	34	
11	33	34	
12	13	16	
12	15	16	
12	13	35	
12	15	35	
12	17	35	
12	18	35	
12	20	35	
12	21	35	
12	22	35	
12	23	35	
12	27	35	
12	28	35	
12	29	35	
12	30	35	
12	31	35	
12	32	35	
12	33	35	
12	13	34	
12	14	34	
12	15	34	
12	17	34	
12	18	34	
12	20	34	
12	21	34	
12	22	34	
12	23	34	
12	27	34	
12	28	34	
12	29	34	
12	30	34	
12	31	34	
12	32	34	
12	33	34	
12	13	19	
12	15	19	
12	17	19	
12	18	19	
12	13	53	
12	14	53	
12	15	53	
12	18	53	
12	20	53	
12	36	53	
12	39	53	
12	40	53	
12	41	53	
12	42	53	
12	43	53	
12	44	53	
12	45	53	
12	46	53	
12	48	53	
12	49	53	
12	52	53	
12	17	51	
12	18	51	
12	20	51	
12	32	51	
12	38	51	
12	39	51	
12	40	51	
12	42	51	
12	44	51	
12	46	51	
12	13	24	
12	14	24	
12	20	24	
12	21	24	
12	22	24	
12	23	24	
12	13	25	
12	14	25	
12	15	25	
12	17	25	
12	20	25	
12	21	25	
12	22	25	
12	23	25	
12	13	58	
12	14	58	
12	15	58	
12	17	58	
12	18	58	
12	20	58	
12	21	58	
12	22	58	
12	23	58	
12	26	58	
12	27	58	
12	28	58	
12	29	58	
12	30	58	
12	31	58	
12	32	58	
12	33	58	
12	36	58	
12	37	58	
12	38	58	
12	39	58	
12	40	58	
12	41	58	
12	42	58	
12	43	58	
12	44	58	
12	45	58	
12	46	58	
12	48	58	
12	49	58	
12	52	58	
12	55	58	
12	56	58	
12	57	58	
12	13	59	
12	14	59	
12	15	59	
12	17	59	
12	18	59	
12	23	59	
12	26	59	
12	27	59	
12	28	59	
12	29	59	
12	31	59	
12	32	59	
12	33	59	
12	36	59	
12	37	59	
12	38	59	
12	39	59	
12	40	59	
12	41	59	
12	43	59	
12	44	59	
12	45	59	
12	46	59	
12	48	59	
12	49	59	
12	52	59	
12	55	59	
12	57	59	
13	15	16	
13	15	35	
13	17	35	
13	18	35	
13	20	35	
13	21	35	
13	22	35	
13	23	35	
13	27	35	
13	28	35	
13	29	35	
13	30	35	
13	31	35	
13	32	35	
13	33	35	
13	14	34	
13	15	34	
13	17	34	
13	18	34	
13	20	34	
13	21	34	
13	22	34	
13	23	34	
13	27	34	
13	28	34	
13	29	34	
13	30	34	
13	31	34	
13	32	34	
13	33	34	
13	15	19	
13	17	19	
13	18	19	
13	14	53	
13	15	53	
13	18	53	
13	20	53	
13	36	53	
13	39	53	
13	40	53	
13	41	53	
13	42	53	
13	43	53	
13	44	53	
13	45	53	
13	46	53	
13	48	53	
13	49	53	
13	51	53	
13	52	53	
13	14	25	
13	15	25	
13	17	25	
13	20	25	
13	21	25	
13	22	25	
13	23	25	
13	14	24	
13	20	24	
13	21	24	
13	22	24	
13	23	24	
13	14	59	
13	15	59	
13	17	59	
13	18	59	
13	23	59	
13	26	59	
13	27	59	
13	28	59	
13	29	59	
13	31	59	
13	32	59	
13	33	59	
13	36	59	
13	37	59	
13	38	59	
13	39	59	
13	40	59	
13	41	59	
13	43	59	
13	44	59	
13	45	59	
13	46	59	
13	48	59	
13	49	59	
13	52	59	
13	55	59	
13	57	59	
13	14	58	
13	15	58	
13	17	58	
13	18	58	
13	20	58	
13	21	58	
13	22	58	
13	23	58	
13	26	58	
13	27	58	
13	28	58	
13	29	58	
13	30	58	
13	31	58	
13	32	58	
13	33	58	
13	36	58	
13	37	58	
13	38	58	
13	39	58	
13	40	58	
13	41	58	
13	42	58	
13	43	58	
13	44	58	
13	45	58	
13	46	58	
13	48	58	
13	49	58	
13	52	58	
13	55	58	
13	56	58	
13	57	58	
14	15	48	
14	38	48	
14	40	48	
14	44	48	
14	46	48	
14	15	34	
14	17	34	
14	18	34	
14	20	34	
14	21	34	
14	22	34	
14	23	34	
14	27	34	
14	28	34	
14	29	34	
14	30	34	
14	31	34	
14	32	34	
14	33	34	
14	15	53	
14	18	53	
14	20	53	
14	36	53	
14	39	53	
14	40	53	
14	42	53	
14	43	53	
14	44	53	
14	46	53	
14	15	49	
14	17	49	
14	18	49	
14	20	24	
14	21	24	
14	22	24	
14	23	24	
14	15	25	
14	17	25	
14	20	25	
14	21	25	
14	22	25	
14	23	25	
14	15	58	
14	17	58	
14	18	58	
14	20	58	
14	21	58	
14	22	58	
14	23	58	
14	26	58	
14	27	58	
14	28	58	
14	29	58	
14	30	58	
14	31	58	
14	32	58	
14	33	58	
14	36	58	
14	37	58	
14	38	58	
14	39	58	
14	40	58	
14	42	58	
14	43	58	
14	44	58	
14	46	58	
14	55	58	
14	56	58	
14	57	58	
14	15	59	
14	17	59	
14	18	59	
14	23	59	
14	26	59	
14	27	59	
14	28	59	
14	29	59	
14	31	59	
14	32	59	
14	33	59	
14	36	59	
14	37	59	
14	38	59	
14	39	59	
14	40	59	
14	43	59	
14	44	59	
14	46	59	
14	55	59	
14	57	59	
15	38	48	
15	40	48	
15	44	48	
15	46	48	
15	17	35	
15	18	35	
15	20	35	
15	21	35	
15	22	35	
15	23	35	
15	27	35	
15	28	35	
15	29	35	
15	30	35	
15	31	35	
15	32	35	
15	33	35	
15	17	34	
15	18	34	
15	20	34	
15	21	34	
15	22	34	
15	23	34	
15	27	34	
15	28	34	
15	29	34	
15	30	34	
15	31	34	
15	32	34	
15	33	34	
15	17	49	
15	18	49	
15	20	50	
15	24	50	
15	26	50	
15	29	50	
15	31	50	
15	32	50	
15	33	50	
15	38	50	
15	40	50	
15	41	50	
15	42	50	
15	43	50	
15	44	50	
15	45	50	
15	46	50	
15	17	19	
15	18	19	
15	18	53	
15	20	53	
15	36	53	
15	40	53	
15	41	53	
15	42	53	
15	43	53	
15	44	53	
15	45	53	
15	46	53	
15	51	53	
15	52	53	
15	17	25	
15	20	25	
15	21	25	
15	22	25	
15	23	25	
15	17	58	
15	18	58	
15	20	58	
15	21	58	
15	22	58	
15	23	58	
15	24	58	
15	26	58	
15	27	58	
15	28	58	
15	29	58	
15	30	58	
15	31	58	
15	32	58	
15	33	58	
15	36	58	
15	37	58	
15	38	58	
15	40	58	
15	41	58	
15	42	58	
15	43	58	
15	44	58	
15	45	58	
15	46	58	
15	52	58	
15	56	58	
15	57	58	
15	17	59	
15	18	59	
15	23	59	
15	24	59	
15	26	59	
15	27	59	
15	28	59	
15	29	59	
15	31	59	
15	32	59	
15	33	59	
15	36	59	
15	37	59	
15	38	59	
15	40	59	
15	41	59	
15	43	59	
15	44	59	
15	45	59	
15	46	59	
15	52	59	
15	57	59	
17	18	35	
17	20	35	
17	21	35	
17	22	35	
17	23	35	
17	27	35	
17	28	35	
17	29	35	
17	30	35	
17	31	35	
17	32	35	
17	33	35	
17	18	19	
17	18	51	
17	20	51	
17	32	51	
17	38	51	
17	39	51	
17	40	51	
17	42	51	
17	44	51	
17	46	51	
17	18	49	
17	48	49	
17	20	25	
17	21	25	
17	22	25	
17	23	25	
17	18	58	
17	20	58	
17	21	58	
17	22	58	
17	23	58	
17	24	58	
17	26	58	
17	27	58	
17	28	58	
17	29	58	
17	30	58	
17	31	58	
17	32	58	
17	33	58	
17	36	58	
17	37	58	
17	38	58	
17	39	58	
17	40	58	
17	41	58	
17	42	58	
17	43	58	
17	44	58	
17	45	58	
17	46	58	
17	48	58	
17	52	58	
17	53	58	
17	55	58	
17	56	58	
17	57	58	
17	18	59	
17	23	59	
17	24	59	
17	26	59	
17	27	59	
17	28	59	
17	29	59	
17	31	59	
17	32	59	
17	33	59	
17	36	59	
17	37	59	
17	38	59	
17	39	59	
17	40	59	
17	41	59	
17	43	59	
17	44	59	
17	45	59	
17	46	59	
17	48	59	
17	52	59	
17	55	59	
17	57	59	
17	18	34	
17	20	34	
17	21	34	
17	22	34	
17	23	34	
17	27	34	
17	28	34	
17	29	34	
17	30	34	
17	31	34	
17	32	34	
17	33	34	
18	20	51	
18	32	51	
18	38	51	
18	39	51	
18	40	51	
18	42	51	
18	44	51	
18	46	51	
18	20	35	
18	21	35	
18	22	35	
18	23	35	
18	27	35	
18	28	35	
18	29	35	
18	30	35	
18	31	35	
18	32	35	
18	33	35	
18	20	34	
18	21	34	
18	22	34	
18	23	34	
18	27	34	
18	28	34	
18	29	34	
18	30	34	
18	31	34	
18	32	34	
18	33	34	
18	36	47	
18	44	47	
18	46	47	
18	48	49	
18	20	53	
18	36	53	
18	39	53	
18	40	53	
18	41	53	
18	42	53	
18	43	53	
18	44	53	
18	45	53	
18	46	53	
18	48	53	
18	52	53	
18	45	54	
18	48	54	
18	52	54	
18	20	58	
18	21	58	
18	22	58	
18	23	58	
18	24	58	
18	25	58	
18	26	58	
18	27	58	
18	28	58	
18	29	58	
18	30	58	
18	31	58	
18	32	58	
18	33	58	
18	36	58	
18	37	58	
18	38	58	
18	39	58	
18	40	58	
18	41	58	
18	42	58	
18	43	58	
18	44	58	
18	45	58	
18	46	58	
18	48	58	
18	52	58	
18	55	58	
18	56	58	
18	57	58	
18	23	59	
18	24	59	
18	25	59	
18	26	59	
18	27	59	
18	28	59	
18	29	59	
18	31	59	
18	32	59	
18	33	59	
18	36	59	
18	37	59	
18	38	59	
18	39	59	
18	40	59	
18	41	59	
18	43	59	
18	44	59	
18	45	59	
18	46	59	
18	48	59	
18	52	59	
18	55	59	
18	57	59	
19	21	35	
19	22	35	
19	23	35	
19	27	35	
19	28	35	
19	29	35	
19	31	35	
19	32	35	
19	33	35	
19	21	24	
19	22	24	
19	23	24	
19	21	25	
19	22	25	
19	23	25	
20	32	51	
20	38	51	
20	39	51	
20	40	51	
20	44	51	
20	46	51	
20	21	35	
20	22	35	
20	23	35	
20	27	35	
20	28	35	
20	29	35	
20	30	35	
20	31	35	
20	32	35	
20	33	35	
20	21	34	
20	22	34	
20	23	34	
20	27	34	
20	28	34	
20	29	34	
20	30	34	
20	31	34	
20	32	34	
20	33	34	
20	26	50	
20	29	50	
20	31	50	
20	32	50	
20	33	50	
20	38	50	
20	39	50	
20	40	50	
20	41	50	
20	44	50	
20	46	50	
20	48	50	
20	36	53	
20	39	53	
20	40	53	
20	41	53	
20	44	53	
20	46	53	
20	48	53	
20	49	53	
20	52	53	
20	21	24	
20	22	24	
20	23	24	
20	21	25	
20	22	25	
20	23	25	
20	21	58	
20	22	58	
20	23	58	
20	26	58	
20	27	58	
20	28	58	
20	29	58	
20	30	58	
20	31	58	
20	32	58	
20	33	58	
20	36	58	
20	37	58	
20	38	58	
20	39	58	
20	40	58	
20	41	58	
20	44	58	
20	46	58	
20	48	58	
20	49	58	
20	52	58	
20	55	58	
20	56	58	
20	57	58	
21	22	24	
21	23	24	
21	22	34	
21	23	34	
21	27	34	
21	28	34	
21	29	34	
21	30	34	
21	31	34	
21	32	34	
21	33	34	
21	22	35	
21	23	35	
21	27	35	
21	28	35	
21	29	35	
21	30	35	
21	31	35	
21	32	35	
21	33	35	
21	22	25	
21	23	25	
21	22	26	
21	23	26	
21	22	58	
21	23	58	
21	27	58	
21	28	58	
21	29	58	
21	30	58	
21	31	58	
21	32	58	
21	33	58	
21	36	58	
21	37	58	
21	38	58	
21	39	58	
21	40	58	
21	41	58	
21	42	58	
21	43	58	
21	44	58	
21	45	58	
21	46	58	
21	48	58	
21	49	58	
21	52	58	
21	53	58	
21	55	58	
21	56	58	
21	57	58	
22	23	24	
22	23	34	
22	27	34	
22	28	34	
22	29	34	
22	30	34	
22	31	34	
22	32	34	
22	33	34	
22	23	35	
22	27	35	
22	28	35	
22	29	35	
22	30	35	
22	31	35	
22	32	35	
22	33	35	
22	23	25	
22	23	26	
22	23	58	
22	27	58	
22	28	58	
22	29	58	
22	30	58	
22	31	58	
22	32	58	
22	33	58	
22	36	58	
22	37	58	
22	38	58	
22	39	58	
22	40	58	
22	41	58	
22	42	58	
22	43	58	
22	44	58	
22	45	58	
22	46	58	
22	48	58	
22	49	58	
22	52	58	
22	53	58	
22	55	58	
22	56	58	
22	57	58	
23	27	34	
23	28	34	
23	29	34	
23	30	34	
23	31	34	
23	32	34	
23	33	34	
23	27	35	
23	28	35	
23	29	35	
23	30	35	
23	31	35	
23	32	35	
23	33	35	
23	27	59	
23	28	59	
23	29	59	
23	31	59	
23	32	59	
23	33	59	
23	36	59	
23	37	59	
23	38	59	
23	39	59	
23	40	59	
23	41	59	
23	43	59	
23	44	59	
23	45	59	
23	46	59	
23	48	59	
23	49	59	
23	52	59	
23	55	59	
23	57	59	
23	27	58	
23	28	58	
23	29	58	
23	30	58	
23	31	58	
23	32	58	
23	33	58	
23	36	58	
23	37	58	
23	38	58	
23	39	58	
23	40	58	
23	41	58	
23	42	58	
23	43	58	
23	44	58	
23	45	58	
23	46	58	
23	48	58	
23	49	58	
23	52	58	
23	53	58	
23	55	58	
23	56	58	
23	57	58	
24	45	58	
24	46	58	
24	48	58	
24	49	58	
24	52	58	
24	53	58	
24	57	58	
24	45	59	
24	46	59	
24	48	59	
24	49	59	
24	52	59	
24	57	59	
24	45	50	
24	46	50	
24	48	50	
25	49	59	
25	57	59	
25	49	58	
25	57	58	
26	29	58	
26	30	58	
26	31	58	
26	36	58	
26	37	58	
26	38	58	
26	39	58	
26	40	58	
26	41	58	
26	42	58	
26	43	58	
26	44	58	
26	45	58	
26	46	58	
26	48	58	
26	49	58	
26	52	58	
26	53	58	
26	55	58	
26	56	58	
26	57	58	
26	29	59	
26	31	59	
26	36	59	
26	37	59	
26	38	59	
26	39	59	
26	40	59	
26	41	59	
26	43	59	
26	44	59	
26	45	59	
26	46	59	
26	48	59	
26	49	59	
26	52	59	
26	55	59	
26	57	59	
26	29	50	
26	31	50	
26	38	50	
26	39	50	
26	40	50	
26	41	50	
26	42	50	
26	43	50	
26	44	50	
26	45	50	
26	46	50	
26	48	50	
27	28	34	
27	29	34	
27	30	34	
27	31	34	
27	32	34	
27	33	34	
27	28	35	
27	29	35	
27	30	35	
27	31	35	
27	32	35	
27	33	35	
27	28	59	
27	29	59	
27	31	59	
27	32	59	
27	33	59	
27	36	59	
27	37	59	
27	38	59	
27	39	59	
27	40	59	
27	41	59	
27	43	59	
27	44	59	
27	45	59	
27	46	59	
27	48	59	
27	49	59	
27	52	59	
27	55	59	
27	57	59	
27	28	58	
27	29	58	
27	30	58	
27	31	58	
27	32	58	
27	33	58	
27	36	58	
27	37	58	
27	38	58	
27	39	58	
27	40	58	
27	41	58	
27	42	58	
27	43	58	
27	44	58	
27	45	58	
27	46	58	
27	48	58	
27	49	58	
27	52	58	
27	53	58	
27	55	58	
27	56	58	
27	57	58	
28	29	35	
28	30	35	
28	31	35	
28	32	35	
28	33	35	
28	29	34	
28	30	34	
28	31	34	
28	32	34	
28	33	34	
28	29	59	
28	31	59	
28	32	59	
28	33	59	
28	36	59	
28	37	59	
28	38	59	
28	39	59	
28	40	59	
28	41	59	
28	43	59	
28	44	59	
28	45	59	
28	46	59	
28	48	59	
28	49	59	
28	52	59	
28	55	59	
28	57	59	
28	29	58	
28	30	58	
28	31	58	
28	32	58	
28	33	58	
28	36	58	
28	37	58	
28	38	58	
28	39	58	
28	40	58	
28	41	58	
28	42	58	
28	43	58	
28	44	58	
28	45	58	
28	46	58	
28	48	58	
28	49	58	
28	52	58	
28	53	58	
28	55	58	
28	56	58	
28	57	58	
29	31	34	
29	32	34	
29	33	34	
29	31	50	
29	32	50	
29	33	50	
29	38	50	
29	39	50	
29	40	50	
29	41	50	
29	42	50	
29	43	50	
29	44	50	
29	45	50	
29	46	50	
29	48	50	
29	31	35	
29	32	35	
29	33	35	
29	31	58	
29	32	58	
29	33	58	
29	36	58	
29	37	58	
29	38	58	
29	39	58	
29	40	58	
29	41	58	
29	42	58	
29	43	58	
29	44	58	
29	45	58	
29	46	58	
29	48	58	
29	49	58	
29	52	58	
29	53	58	
29	55	58	
29	56	58	
29	57	58	
29	31	59	
29	32	59	
29	33	59	
29	36	59	
29	37	59	
29	38	59	
29	39	59	
29	40	59	
29	41	59	
29	43	59	
29	44	59	
29	45	59	
29	46	59	
29	48	59	
29	49	59	
29	52	59	
29	55	59	
29	57	59	
30	31	34	
30	32	34	
30	33	34	
30	31	58	
30	32	58	
30	33	58	
30	36	58	
30	37	58	
30	38	58	
30	39	58	
30	40	58	
30	41	58	
30	42	58	
30	43	58	
30	44	58	
30	45	58	
30	46	58	
30	48	58	
30	49	58	
30	52	58	
30	53	58	
30	55	58	
30	56	58	
30	57	58	
30	31	35	
30	32	35	
30	33	35	
31	32	34	
31	33	34	
31	32	58	
31	33	58	
31	36	58	
31	37	58	
31	38	58	
31	39	58	
31	40	58	
31	41	58	
31	42	58	
31	43	58	
31	44	58	
31	45	58	
31	46	58	
31	48	58	
31	49	58	
31	52	58	
31	53	58	
31	55	58	
31	56	58	
31	57	58	
31	32	59	
31	33	59	
31	36	59	
31	37	59	
31	38	59	
31	39	59	
31	40	59	
31	41	59	
31	43	59	
31	44	59	
31	45	59	
31	46	59	
31	48	59	
31	49	59	
31	52	59	
31	55	59	
31	57	59	
31	32	50	
31	33	50	
31	38	50	
31	39	50	
31	40	50	
31	41	50	
31	42	50	
31	43	50	
31	44	50	
31	45	50	
31	46	50	
31	48	50	
31	32	35	
31	33	35	
32	38	51	
32	39	51	
32	40	51	
32	42	51	
32	44	51	
32	46	51	
32	33	34	
32	33	35	
32	33	50	
32	38	50	
32	39	50	
32	40	50	
32	41	50	
32	42	50	
32	43	50	
32	44	50	
32	45	50	
32	46	50	
32	48	50	
32	33	59	
32	36	59	
32	37	59	
32	38	59	
32	39	59	
32	40	59	
32	41	59	
32	43	59	
32	44	59	
32	45	59	
32	46	59	
32	48	59	
32	49	59	
32	52	59	
32	55	59	
32	57	59	
32	33	58	
32	36	58	
32	37	58	
32	38	58	
32	39	58	
32	40	58	
32	41	58	
32	42	58	
32	43	58	
32	44	58	
32	45	58	
32	46	58	
32	48	58	
32	49	58	
32	52	58	
32	53	58	
32	55	58	
32	56	58	
32	57	58	
33	38	50	
33	39	50	
33	40	50	
33	41	50	
33	42	50	
33	43	50	
33	44	50	
33	45	50	
33	46	50	
33	48	50	
33	36	58	
33	37	58	
33	38	58	
33	39	58	
33	40	58	
33	41	58	
33	42	58	
33	43	58	
33	44	58	
33	45	58	
33	46	58	
33	48	58	
33	49	58	
33	52	58	
33	53	58	
33	55	58	
33	56	58	
33	57	58	
33	36	59	
33	37	59	
33	38	59	
33	39	59	
33	40	59	
33	41	59	
33	43	59	
33	44	59	
33	45	59	
33	46	59	
33	48	59	
33	49	59	
33	52	59	
33	55	59	
33	57	59	
35	44	47	
35	46	47	
36	44	47	
36	46	47	
36	39	53	
36	40	53	
36	41	53	
36	42	53	
36	43	53	
36	44	53	
36	45	53	
36	46	53	
36	48	53	
36	49	53	
36	51	53	
36	52	53	
36	37	58	
36	38	58	
36	39	58	
36	40	58	
36	41	58	
36	42	58	
36	43	58	
36	44	58	
36	45	58	
36	46	58	
36	48	58	
36	49	58	
36	52	58	
36	55	58	
36	56	58	
36	57	58	
36	37	59	
36	38	59	
36	39	59	
36	40	59	
36	41	59	
36	43	59	
36	44	59	
36	45	59	
36	46	59	
36	48	59	
36	49	59	
36	52	59	
36	55	59	
36	57	59	
37	38	58	
37	39	58	
37	40	58	
37	41	58	
37	42	58	
37	43	58	
37	44	58	
37	45	58	
37	46	58	
37	48	58	
37	49	58	
37	52	58	
37	53	58	
37	55	58	
37	56	58	
37	57	58	
37	38	59	
37	39	59	
37	40	59	
37	41	59	
37	43	59	
37	44	59	
37	45	59	
37	46	59	
37	48	59	
37	49	59	
37	52	59	
37	55	59	
37	57	59	
38	40	48	
38	44	48	
38	46	48	
38	39	50	
38	40	50	
38	41	50	
38	42	50	
38	43	50	
38	44	50	
38	45	50	
38	46	50	
38	39	58	
38	40	58	
38	41	58	
38	42	58	
38	43	58	
38	44	58	
38	45	58	
38	46	58	
38	49	58	
38	52	58	
38	53	58	
38	55	58	
38	56	58	
38	57	58	
38	39	59	
38	40	59	
38	41	59	
38	43	59	
38	44	59	
38	45	59	
38	46	59	
38	49	59	
38	52	59	
38	55	59	
38	57	59	
38	39	51	
38	40	51	
38	42	51	
38	44	51	
38	46	51	
39	40	51	
39	42	51	
39	44	51	
39	46	51	
39	40	50	
39	41	50	
39	42	50	
39	43	50	
39	44	50	
39	45	50	
39	46	50	
39	48	50	
39	40	53	
39	41	53	
39	42	53	
39	43	53	
39	44	53	
39	45	53	
39	46	53	
39	48	53	
39	49	53	
39	52	53	
39	40	58	
39	41	58	
39	42	58	
39	43	58	
39	44	58	
39	45	58	
39	46	58	
39	48	58	
39	49	58	
39	52	58	
39	55	58	
39	56	58	
39	57	58	
39	40	59	
39	41	59	
39	43	59	
39	44	59	
39	45	59	
39	46	59	
39	48	59	
39	49	59	
39	52	59	
39	55	59	
39	57	59	
40	44	51	
40	46	51	
40	44	48	
40	46	48	
40	41	50	
40	43	50	
40	44	50	
40	45	50	
40	46	50	
40	41	53	
40	43	53	
40	44	53	
40	45	53	
40	46	53	
40	49	53	
40	52	53	
40	41	58	
40	43	58	
40	44	58	
40	45	58	
40	46	58	
40	49	58	
40	52	58	
40	55	58	
40	56	58	
40	57	58	
40	41	59	
40	43	59	
40	44	59	
40	45	59	
40	46	59	
40	49	59	
40	52	59	
40	55	59	
40	57	59	
41	42	50	
41	43	50	
41	44	50	
41	45	50	
41	46	50	
41	48	50	
41	42	53	
41	43	53	
41	44	53	
41	45	53	
41	46	53	
41	48	53	
41	49	53	
41	51	53	
41	52	53	
41	42	58	
41	43	58	
41	44	58	
41	45	58	
41	46	58	
41	48	58	
41	49	58	
41	52	58	
41	55	58	
41	56	58	
41	57	58	
41	43	59	
41	44	59	
41	45	59	
41	46	59	
41	48	59	
41	49	59	
41	52	59	
41	55	59	
41	57	59	
42	43	50	
42	44	50	
42	45	50	
42	46	50	
42	48	50	
42	44	51	
42	46	51	
42	43	53	
42	44	53	
42	45	53	
42	46	53	
42	48	53	
42	49	53	
42	52	53	
42	43	58	
42	44	58	
42	45	58	
42	46	58	
42	48	58	
42	49	58	
42	52	58	
42	55	58	
42	56	58	
42	57	58	
43	44	50	
43	45	50	
43	46	50	
43	48	50	
43	44	53	
43	45	53	
43	46	53	
43	48	53	
43	49	53	
43	51	53	
43	52	53	
43	44	58	
43	45	58	
43	46	58	
43	48	58	
43	49	58	
43	52	58	
43	55	58	
43	56	58	
43	57	58	
43	44	59	
43	45	59	
43	46	59	
43	48	59	
43	49	59	
43	52	59	
43	55	59	
43	57	59	
44	46	48	
44	46	51	
44	46	47	
44	45	50	
44	46	50	
44	45	53	
44	46	53	
44	49	53	
44	52	53	
44	45	58	
44	46	58	
44	49	58	
44	52	58	
44	55	58	
44	56	58	
44	57	58	
44	45	59	
44	46	59	
44	49	59	
44	52	59	
44	55	59	
44	57	59	
45	46	50	
45	48	50	
45	46	53	
45	48	53	
45	49	53	
45	51	53	
45	52	53	
45	48	54	
45	49	54	
45	52	54	
45	46	58	
45	48	58	
45	49	58	
45	52	58	
45	55	58	
45	56	58	
45	57	58	
45	46	59	
45	48	59	
45	49	59	
45	52	59	
45	55	59	
45	57	59	
46	49	53	
46	52	53	
46	49	58	
46	52	58	
46	55	58	
46	56	58	
46	57	58	
46	49	59	
46	52	59	
46	55	59	
46	57	59	
48	51	53	
48	52	53	
48	52	54	
48	52	58	
48	55	58	
48	56	58	
48	57	58	
48	52	59	
48	55	59	
48	57	59	
49	52	53	
49	52	58	
49	55	58	
49	56	58	
49	52	54	
49	52	59	
49	55	59	
52	55	58	
52	56	58	
52	57	58	
52	55	59	
52	57	59	
53	56	58	
55	57	59	
55	56	58	
55	57	58	
56	57	58	

