
   Summary motif results
   =====================
mfinder Version 1.20

MOTIF FINDER RESULTS:

	Network name: motif_input_eo.txt
	Network type: Directed
	Num of Nodes: 63 Num of Edges: 761
	Num of Nodes with edges: 63
	Maximal out degree (out-hub) : 16
	Maximal in degree (in-hub) : 63
	Roots num: 33 Leaves num: 0
	Single Edges num: 584 Mutual Edges num: 82

	Motif size searched  4
	Total number of 4-node subgraphs : 243990
	Number of random networks generated : 10
	Random networks generation method: Switches
	Num of Switches range: 100.0-200.0, Success switches Ratio:0.072+-0.00

The following motifs were found:

Criteria taken : Nreal Zscore > 2.00
                 Pval ignored (due to small number of random networks)
                 Mfactor > 1.10
                 Uniqueness >= 4


	Top Motifs List

MOTIF	NREAL	NRAND		NREAL	NREAL	UNIQ	CREAL
ID		STATS		ZSCORE	PVAL	VAL	[MILI]	

906	193	111.4+-24.9	3.28	0.000	6	0.79

0 1 0 1 
0 0 0 1 
1 1 0 0 
0 0 0 0 

922	223	86.4+-13.4	10.20	0.000	5	0.91

0 1 0 1 
1 0 0 1 
1 1 0 0 
0 0 0 0 

2524	670	359.9+-41.9	7.40	0.000	5	2.75

0 0 1 1 
1 0 1 1 
1 0 0 1 
0 0 0 0 

6616	1650	1477.6+-74.9	2.30	0.000	5	6.76

0 0 0 1 
1 0 1 1 
1 0 0 1 
1 0 0 0 

6858	157	78.0+-13.1	6.01	0.000	4	0.64

0 1 0 1 
0 0 1 1 
0 1 0 1 
1 0 0 0 

13146	186	137.0+-20.3	2.42	0.000	4	0.76

0 1 0 1 
1 0 1 0 
1 1 0 0 
1 1 0 0 

15258	1885	1544.7+-57.5	5.92	0.000	6	7.73

0 1 0 1 
1 0 0 1 
1 1 0 1 
1 1 0 0 



	(Total No. of non-dangling motifs : 7)



	Full list includes 12 motifs
MOTIF	NREAL	NRAND		NREAL	NREAL	UNIQ	CREAL
ID		STATS		ZSCORE	PVAL	VAL	[MILI]	

394	269	214.3+-20.8	2.63	0.000	5	1.10

0 1 0 1 
0 0 0 1 
1 0 0 0 
0 0 0 0 

906	193	111.4+-24.9	3.28	0.000	6	0.79

0 1 0 1 
0 0 0 1 
1 1 0 0 
0 0 0 0 

922	223	86.4+-13.4	10.20	0.000	5	0.91

0 1 0 1 
1 0 0 1 
1 1 0 0 
0 0 0 0 

2202	999	657.8+-81.7	4.18	0.000	6	4.09

0 1 0 1 
1 0 0 1 
0 0 0 1 
0 0 0 0 

2524	670	359.9+-41.9	7.40	0.000	5	2.75

0 0 1 1 
1 0 1 1 
1 0 0 1 
0 0 0 0 

4424	864	450.2+-50.8	8.15	0.000	7	3.54

0 0 0 1 
0 0 1 0 
1 0 0 0 
1 0 0 0 

4440	2625	1854.6+-128.5	6.00	0.000	7	10.76

0 0 0 1 
1 0 1 0 
1 0 0 0 
1 0 0 0 

4950	1316	833.6+-75.9	6.36	0.000	5	5.39

0 1 1 0 
1 0 1 0 
1 1 0 0 
1 0 0 0 

6616	1650	1477.6+-74.9	2.30	0.000	5	6.76

0 0 0 1 
1 0 1 1 
1 0 0 1 
1 0 0 0 

6858	157	78.0+-13.1	6.01	0.000	4	0.64

0 1 0 1 
0 0 1 1 
0 1 0 1 
1 0 0 0 

13146	186	137.0+-20.3	2.42	0.000	4	0.76

0 1 0 1 
1 0 1 0 
1 1 0 0 
1 1 0 0 

15258	1885	1544.7+-57.5	5.92	0.000	6	7.73

0 1 0 1 
1 0 0 1 
1 1 0 1 
1 1 0 0 




Full list of subgraphs size 4 ids:

	( Total num of different subgraphs size 4 is : 199 )

MOTIF	NREAL	NRAND		NREAL	NREAL	CREAL	UNIQ
ID		STATS		ZSCORE	PVAL	[MILI]	
14	45	63.1+-16.0	-1.13	1.000	0.18	3

28	105	222.3+-44.6	-2.63	1.000	0.43	5

30	6	10.5+-3.7	-1.22	0.800	0.02	2

74	296	387.8+-22.4	-4.09	1.000	1.21	5

76	4105	6054.0+-533.6	-3.65	1.000	16.82	7

78	145	224.4+-29.5	-2.69	1.000	0.59	5

90	2	11.2+-3.6	-2.59	1.000	0.01	1

92	182	247.7+-34.4	-1.91	1.000	0.75	4

94	15	15.3+-5.1	-0.06	0.700	0.06	2

204	466	1001.5+-225.4	-2.38	1.000	1.91	5

206	47	73.5+-14.6	-1.82	1.000	0.19	4

222	7	1.9+-1.5	3.35	0.000	0.03	1

280	2513	2765.0+-264.2	-0.95	0.800	10.30	7

282	208	414.1+-72.3	-2.85	1.000	0.85	4

286	1	11.8+-5.3	-2.02	1.000	0.00	1

328	376	355.2+-62.4	0.33	0.300	1.54	4

330	4	15.7+-13.7	-0.85	1.000	0.02	2

332	219	421.8+-73.5	-2.76	1.000	0.90	2

334	5	12.5+-3.6	-2.08	1.000	0.02	2

344	241	213.8+-43.8	0.62	0.200	0.99	5

346	7	16.0+-4.9	-1.82	1.000	0.03	3

348	278	262.3+-55.8	0.28	0.400	1.14	2

350	16	14.7+-4.5	0.29	0.400	0.07	2

390	28	21.5+-4.7	1.38	0.200	0.11	2

392	6370	5900.2+-356.8	1.32	0.000	26.11	6

394	269	214.3+-20.8	2.63	0.000	1.10	5

396	458	363.1+-87.8	1.08	0.200	1.88	3

398	11	9.7+-4.7	0.28	0.400	0.05	3

404	367	466.1+-67.9	-1.46	0.900	1.50	5

406	7	25.7+-6.2	-3.00	1.000	0.03	1

408	3716	3434.8+-210.6	1.34	0.100	15.23	9

410	374	275.9+-54.9	1.79	0.000	1.53	6

412	195	250.0+-51.4	-1.07	0.800	0.80	4

414	11	15.8+-6.1	-0.79	0.800	0.05	2

454	7	13.8+-6.9	-0.98	1.000	0.03	1

456	125	232.4+-67.0	-1.60	1.000	0.51	4

458	3	5.7+-5.9	-0.46	0.700	0.01	1

460	140	294.5+-117.7	-1.31	1.000	0.57	2

462	4	8.6+-2.7	-1.69	1.000	0.02	1

468	61	131.0+-31.8	-2.20	1.000	0.25	3

470	3	15.1+-5.9	-2.04	1.000	0.01	1

472	62	122.5+-25.6	-2.37	1.000	0.25	4

474	13	10.8+-6.9	0.32	0.300	0.05	3

476	98	171.0+-64.2	-1.14	0.900	0.40	3

478	13	11.0+-4.9	0.40	0.300	0.05	4

856	6	6.0+-4.9	0.00	0.400	0.02	1

858	15	12.9+-4.8	0.43	0.400	0.06	3

862	14	12.0+-6.2	0.32	0.300	0.06	2

904	106	114.4+-17.7	-0.48	0.600	0.43	4

906	193	111.4+-24.9	3.28	0.000	0.79	6

908	4	11.6+-5.5	-1.39	1.000	0.02	2

910	7	4.5+-3.2	0.78	0.300	0.03	2

922	223	86.4+-13.4	10.20	0.000	0.91	5

924	8	8.6+-4.0	-0.15	0.600	0.03	3

926	22	8.7+-3.7	3.58	0.000	0.09	2

972	7	8.6+-5.4	-0.30	0.600	0.03	1

974	4	9.5+-10.3	-0.54	0.800	0.02	1

990	6	9.3+-4.4	-0.75	0.800	0.02	1

2184	85650	88047.9+-970.2	-2.47	1.000	351.03	12

2186	25201	25309.6+-741.2	-0.15	0.600	103.28	9

2190	415	528.2+-35.6	-3.18	1.000	1.70	6

2202	999	657.8+-81.7	4.18	0.000	4.09	6

2204	967	1042.5+-74.5	-1.01	0.900	3.96	6

2206	50	46.1+-7.7	0.51	0.400	0.20	2

2252	8408	8585.3+-255.1	-0.70	0.800	34.46	7

2254	710	663.4+-80.0	0.58	0.300	2.91	5

2270	29	12.4+-5.4	3.10	0.000	0.12	2

2458	1164	1163.0+-87.5	0.01	0.400	4.77	7

2462	21	31.6+-8.6	-1.24	0.900	0.09	1

2506	6	12.4+-10.1	-0.63	0.900	0.02	1

2510	39	39.4+-9.7	-0.04	0.600	0.16	3

2524	670	359.9+-41.9	7.40	0.000	2.75	5

2526	60	35.6+-5.7	4.28	0.000	0.25	3

3038	40	8.8+-3.4	9.11	0.000	0.16	2

4370	17777	19746.3+-384.9	-5.12	1.000	72.86	9

4374	590	1168.8+-91.6	-6.32	1.000	2.42	5

4382	5	18.6+-5.7	-2.38	1.000	0.02	1

4418	131	183.9+-85.3	-0.62	0.700	0.54	2

4420	1640	3371.3+-246.2	-7.03	1.000	6.72	7

4422	87	234.3+-34.1	-4.32	1.000	0.36	4

4424	864	450.2+-50.8	8.15	0.000	3.54	7

4426	11	12.5+-6.6	-0.23	0.500	0.05	2

4428	63	426.4+-64.4	-5.64	1.000	0.26	3

4430	3	14.0+-5.5	-1.99	1.000	0.01	1

4434	1209	1644.5+-138.2	-3.15	1.000	4.96	5

4436	22338	21717.3+-212.8	2.92	0.000	91.55	8

4438	1378	1197.8+-116.2	1.55	0.000	5.65	4

4440	2625	1854.6+-128.5	6.00	0.000	10.76	7

4442	55	96.1+-14.6	-2.82	1.000	0.23	3

4444	514	1255.6+-135.6	-5.47	1.000	2.11	4

4446	17	58.8+-10.0	-4.20	1.000	0.07	3

4546	2	3.6+-3.9	-0.41	0.600	0.01	1

4548	143	266.6+-38.6	-3.20	1.000	0.59	5

4550	3	7.5+-5.1	-0.87	1.000	0.01	2

4556	9	134.8+-26.3	-4.79	1.000	0.04	2

4558	1	3.7+-1.9	-1.43	0.900	0.00	1

4562	19	31.3+-11.0	-1.12	1.000	0.08	3

4564	659	965.8+-81.5	-3.76	1.000	2.70	5

4566	36	50.7+-10.6	-1.38	1.000	0.15	3

4572	142	314.7+-53.6	-3.22	1.000	0.58	4

4574	15	14.9+-4.9	0.02	0.400	0.06	2

4678	149	105.8+-21.9	1.97	0.000	0.61	4

4682	47	22.8+-5.7	4.25	0.000	0.19	3

4686	4	4.1+-2.1	-0.05	0.600	0.02	1

4692	297	235.0+-44.7	1.39	0.100	1.22	4

4694	180	224.8+-44.0	-1.02	0.800	0.74	4

4698	2	11.9+-4.5	-2.21	1.000	0.01	1

4700	18	17.2+-4.6	0.17	0.300	0.07	3

4702	1	12.5+-4.1	-2.80	1.000	0.00	1

4740	0	2.0+-1.6	-1.28	1.000	0.00	0

4742	0	6.8+-3.6	-1.91	1.000	0.00	0

4748	13	12.7+-4.2	0.07	0.500	0.05	2

4750	5	6.1+-2.7	-0.40	0.800	0.02	2

4758	2	3.1+-2.0	-0.56	0.800	0.01	2

4764	4	7.6+-4.1	-0.89	0.900	0.02	1

4766	1	6.8+-2.6	-2.22	1.000	0.00	1

4812	16	9.5+-8.8	0.74	0.200	0.07	1

4814	7	10.3+-4.2	-0.78	0.700	0.03	1

4830	0	4.5+-4.0	-1.12	1.000	0.00	0

4946	1260	1585.2+-133.2	-2.44	1.000	5.16	6

4950	1316	833.6+-75.9	6.36	0.000	5.39	5

4952	152	55.3+-14.9	6.50	0.000	0.62	3

4954	45	90.1+-13.7	-3.30	1.000	0.18	3

4958	9	41.2+-11.3	-2.86	1.000	0.04	1

4994	53	105.7+-40.9	-1.29	1.000	0.22	2

4998	10	6.4+-3.6	0.99	0.200	0.04	2

5002	123	141.9+-34.9	-0.54	0.600	0.50	3

5004	0	14.0+-4.1	-3.38	1.000	0.00	0

5006	0	8.6+-4.4	-1.98	1.000	0.00	0

5010	818	920.5+-88.0	-1.16	0.900	3.35	5

5012	56	58.8+-11.7	-0.24	0.700	0.23	4

5014	63	43.5+-9.9	1.97	0.100	0.26	3

5016	881	818.7+-66.4	0.94	0.200	3.61	6

5018	742	658.2+-58.9	1.42	0.200	3.04	4

5020	7	40.6+-10.8	-3.09	1.000	0.03	2

5022	22	35.1+-8.6	-1.53	0.900	0.09	3

5058	2	6.1+-2.4	-1.72	0.900	0.01	2

5062	4	6.2+-4.0	-0.55	0.700	0.02	2

5064	9	6.3+-5.3	0.51	0.300	0.04	1

5066	9	8.0+-4.8	0.21	0.400	0.04	2

5068	2	14.7+-8.7	-1.46	1.000	0.01	1

5070	1	7.9+-3.6	-1.93	1.000	0.00	1

5074	39	55.7+-7.9	-2.10	1.000	0.16	2

5076	11	63.5+-13.8	-3.80	1.000	0.05	2

5078	79	78.8+-19.3	0.01	0.600	0.32	2

5080	48	38.6+-10.9	0.86	0.200	0.20	2

5082	30	48.0+-12.4	-1.44	1.000	0.12	2

5084	2	33.3+-11.8	-2.66	1.000	0.01	2

5086	29	41.9+-10.9	-1.19	0.900	0.12	3

6342	1	3.4+-3.0	-0.79	0.800	0.00	1

6348	1204	1204.2+-120.6	-0.00	0.600	4.93	5

6350	30	38.0+-7.4	-1.07	0.900	0.12	2

6356	19	17.1+-11.4	0.17	0.300	0.08	2

6358	9	3.1+-2.2	2.70	0.000	0.04	2

6364	625	672.4+-61.8	-0.77	0.700	2.56	5

6366	62	45.9+-9.6	1.67	0.100	0.25	3

6550	15	34.1+-9.8	-1.95	0.900	0.06	3

6552	17421	16909.7+-303.4	1.69	0.100	71.40	9

6554	3638	4208.3+-187.1	-3.05	1.000	14.91	5

6558	33	117.0+-21.7	-3.88	1.000	0.14	3

6598	2	2.6+-2.2	-0.27	0.600	0.01	1

6602	11	25.0+-13.5	-1.04	0.800	0.05	2

6604	458	958.6+-83.5	-5.99	1.000	1.88	4

6606	11	32.6+-7.3	-2.94	1.000	0.05	2

6614	42	36.5+-10.7	0.51	0.200	0.17	3

6616	1650	1477.6+-74.9	2.30	0.000	6.76	5

6618	113	149.3+-14.5	-2.50	1.000	0.46	4

6620	2251	2213.3+-45.1	0.83	0.200	9.23	5

6622	146	111.9+-17.7	1.93	0.000	0.60	4

6854	0	2.3+-2.4	-0.96	1.000	0.00	0

6858	157	78.0+-13.1	6.01	0.000	0.64	4

6862	23	24.2+-9.0	-0.14	0.400	0.09	1

6870	6	3.6+-1.9	1.26	0.200	0.02	1

6874	7	48.5+-5.0	-8.24	1.000	0.03	1

6876	29	35.8+-8.0	-0.85	0.900	0.12	2

6878	17	37.0+-8.6	-2.33	1.000	0.07	2

7126	55	35.5+-8.3	2.34	0.000	0.23	2

7128	63	37.8+-8.5	2.96	0.000	0.26	2

7130	89	108.5+-7.9	-2.45	1.000	0.36	3

7134	138	70.7+-6.3	10.69	0.000	0.57	3

13142	2293	2135.6+-102.0	1.54	0.100	9.40	5

13146	186	137.0+-20.3	2.42	0.000	0.76	4

13148	26	46.2+-7.9	-2.55	1.000	0.11	2

13150	93	207.5+-18.4	-6.21	1.000	0.38	3

13260	0	0.6+-0.7	-0.86	1.000	0.00	0

13262	0	18.3+-6.4	-2.85	1.000	0.00	0

13278	21	35.8+-10.3	-1.44	1.000	0.09	2

14678	16	18.2+-8.6	-0.26	0.700	0.07	2

14686	4	3.9+-2.8	0.03	0.400	0.02	1

14790	0	0.9+-1.5	-0.59	1.000	0.00	0

14798	17	24.3+-10.4	-0.70	0.700	0.07	2

14810	93	93.7+-17.3	-0.04	0.600	0.38	3

14812	104	120.7+-15.4	-1.09	0.900	0.43	4

14814	119	116.3+-15.3	0.17	0.600	0.49	2

15258	1885	1544.7+-57.5	5.92	0.000	7.73	6

15262	277	245.1+-25.3	1.26	0.100	1.14	2

15310	8	49.6+-9.5	-4.40	1.000	0.03	2

15326	223	188.2+-9.1	3.84	0.000	0.91	3

31710	120	88.3+-9.5	3.35	0.000	0.49	3



 (Application total runtime was:   1.82 minutes).

 (Real network processing runtime was:    9.0 seconds.)

 (Single Random network processing runtime was:    9.9 seconds.)
