14 45 63.1333 16.0163 -1.1322 1.0000 3 0.1844
28 105 222.3333 44.5898 -2.6314 1.0000 5 0.4303
30 6 10.5000 3.6893 -1.2197 0.8000 2 0.0246
74 296 387.8333 22.4308 -4.0941 1.0000 5 1.2131
76 4105 6054.0333 533.6158 -3.6525 1.0000 7 16.8241
78 145 224.4000 29.5487 -2.6871 1.0000 5 0.5943
90 2 11.2000 3.5528 -2.5895 1.0000 1 0.0082
92 182 247.7000 34.3747 -1.9113 1.0000 4 0.7459
94 15 15.3000 5.1218 -0.0586 0.7000 2 0.0615
204 466 1001.5250 225.4480 -2.3754 1.0000 5 1.9099
206 47 73.5400 14.6163 -1.8158 1.0000 4 0.1926
222 7 1.9000 1.5239 3.3467 0.0000 1 0.0287
280 2513 2764.9667 264.2366 -0.9536 0.8000 7 10.2994
282 208 414.1250 72.3452 -2.8492 1.0000 4 0.8525
286 1 11.8000 5.3500 -2.0187 1.0000 1 0.0041
328 376 355.2000 62.4397 0.3331 0.3000 4 1.5410
330 4 15.7000 13.7036 -0.8538 1.0000 2 0.0164
332 219 421.7500 73.5432 -2.7569 1.0000 2 0.8976
334 5 12.5000 3.5978 -2.0846 1.0000 2 0.0205
344 241 213.7750 43.8366 0.6211 0.2000 5 0.9877
346 7 16.0000 4.9441 -1.8203 1.0000 3 0.0287
348 278 262.3200 55.8437 0.2808 0.4000 2 1.1394
350 16 14.7000 4.4734 0.2906 0.4000 2 0.0656
390 28 21.5000 4.6963 1.3841 0.2000 2 0.1148
392 6370 5900.2000 356.8194 1.3166 0.0000 6 26.1071
394 269 214.3500 20.7599 2.6325 0.0000 5 1.1025
396 458 363.1500 87.7812 1.0805 0.2000 3 1.8771
398 11 9.7000 4.7152 0.2757 0.4000 3 0.0451
404 367 466.1250 67.8506 -1.4609 0.9000 5 1.5041
406 7 25.7000 6.2427 -2.9955 1.0000 1 0.0287
408 3716 3434.8000 210.5844 1.3353 0.1000 9 15.2298
410 374 275.8800 54.8828 1.7878 0.0000 6 1.5328
412 195 249.9600 51.3908 -1.0695 0.8000 4 0.7992
414 11 15.8000 6.0516 -0.7932 0.8000 2 0.0451
454 7 13.8000 6.9410 -0.9797 1.0000 1 0.0287
456 125 232.4000 67.0240 -1.6024 1.0000 4 0.5123
458 3 5.7000 5.8888 -0.4585 0.7000 1 0.0123
460 140 294.5200 117.7161 -1.3126 1.0000 2 0.5738
462 4 8.6000 2.7162 -1.6935 1.0000 1 0.0164
468 61 131.0200 31.7639 -2.2044 1.0000 3 0.2500
470 3 15.1167 5.9276 -2.0441 1.0000 1 0.0123
472 62 122.4800 25.5682 -2.3654 1.0000 4 0.2541
474 13 10.8000 6.8767 0.3199 0.3000 3 0.0533
476 98 171.0000 64.1638 -1.1377 0.9000 3 0.4016
478 13 11.0000 4.9441 0.4045 0.3000 4 0.0533
856 6 6.0000 4.9216 0.0000 0.4000 1 0.0246
858 15 12.9000 4.8408 0.4338 0.4000 3 0.0615
862 14 12.0000 6.1644 0.3244 0.3000 2 0.0574
904 106 114.4000 17.6711 -0.4754 0.6000 4 0.4344
906 193 111.4400 24.8916 3.2766 0.0000 6 0.7910
908 4 11.6000 5.4813 -1.3865 1.0000 2 0.0164
910 7 4.5000 3.2059 0.7798 0.3000 2 0.0287
922 223 86.4500 13.3833 10.2031 0.0000 5 0.9140
924 8 8.6000 3.9777 -0.1508 0.6000 3 0.0328
926 22 8.7000 3.7133 3.5817 0.0000 2 0.0902
972 7 8.6000 5.4201 -0.2952 0.6000 1 0.0287
974 4 9.5000 10.2551 -0.5363 0.8000 1 0.0164
990 6 9.3000 4.3982 -0.7503 0.8000 1 0.0246
2184 85650 88047.9333 970.2112 -2.4716 1.0000 12 351.0320
2186 25201 25309.5750 741.1662 -0.1465 0.6000 9 103.2850
2190 415 528.2400 35.6430 -3.1771 1.0000 6 1.7009
2202 999 657.8400 81.7103 4.1752 0.0000 6 4.0943
2204 967 1042.5200 74.5431 -1.0131 0.9000 6 3.9632
2206 50 46.1000 7.6949 0.5068 0.4000 2 0.2049
2252 8408 8585.3400 255.1478 -0.6950 0.8000 7 34.4597
2254 710 663.3667 80.0179 0.5828 0.3000 5 2.9099
2270 29 12.4000 5.3583 3.0980 0.0000 2 0.1189
2458 1164 1162.9500 87.5388 0.0120 0.4000 7 4.7706
2462 21 31.6000 8.5661 -1.2374 0.9000 1 0.0861
2506 6 12.4000 10.1017 -0.6336 0.9000 1 0.0246
2510 39 39.4000 9.7205 -0.0411 0.6000 3 0.1598
2524 670 359.9000 41.8958 7.4017 0.0000 5 2.7460
2526 60 35.6000 5.6999 4.2808 0.0000 3 0.2459
3038 40 8.8000 3.4254 9.1084 0.0000 2 0.1639
4370 17777 19746.3500 384.9362 -5.1160 1.0000 9 72.8581
4374 590 1168.7800 91.5733 -6.3204 1.0000 5 2.4181
4382 5 18.6500 5.7453 -2.3758 1.0000 1 0.0205
4418 131 183.8750 85.3457 -0.6195 0.7000 2 0.5369
4420 1640 3371.3250 246.1778 -7.0328 1.0000 7 6.7215
4422 87 234.2600 34.0504 -4.3248 1.0000 4 0.3566
4424 864 450.2250 50.7921 8.1464 0.0000 7 3.5411
4426 11 12.5000 6.5532 -0.2289 0.5000 2 0.0451
4428 63 426.3600 64.3929 -5.6429 1.0000 3 0.2582
4430 3 14.0000 5.5176 -1.9936 1.0000 1 0.0123
4434 1209 1644.4800 138.2068 -3.1509 1.0000 5 4.9550
4436 22338 21717.3200 212.8130 2.9166 0.0000 8 91.5511
4438 1378 1197.8167 116.2494 1.5500 0.0000 4 5.6477
4440 2625 1854.6200 128.4964 5.9953 0.0000 7 10.7584
4442 55 96.1167 14.5926 -2.8176 1.0000 3 0.2254
4444 514 1255.6333 135.6376 -5.4678 1.0000 4 2.1066
4446 17 58.8143 9.9650 -4.1961 1.0000 3 0.0697
4546 2 3.6000 3.9215 -0.4080 0.6000 1 0.0082
4548 143 266.6000 38.6254 -3.2000 1.0000 5 0.5861
4550 3 7.5000 5.1478 -0.8742 1.0000 2 0.0123
4556 9 134.8500 26.2565 -4.7931 1.0000 2 0.0369
4558 1 3.7143 1.9000 -1.4286 0.9000 1 0.0041
4562 19 31.3000 10.9800 -1.1202 1.0000 3 0.0779
4564 659 965.7500 81.4892 -3.7643 1.0000 5 2.7009
4566 36 50.7000 10.6318 -1.3826 1.0000 3 0.1475
4572 142 314.7143 53.6377 -3.2200 1.0000 4 0.5820
4574 15 14.9125 4.8763 0.0179 0.4000 2 0.0615
4678 149 105.8000 21.8890 1.9736 0.0000 4 0.6107
4682 47 22.8200 5.6854 4.2530 0.0000 3 0.1926
4686 4 4.1000 2.1318 -0.0469 0.6000 1 0.0164
4692 297 234.9600 44.6831 1.3884 0.1000 4 1.2172
4694 180 224.7667 43.9564 -1.0184 0.8000 4 0.7377
4698 2 11.9500 4.5017 -2.2103 1.0000 1 0.0082
4700 18 17.2167 4.6135 0.1698 0.3000 3 0.0738
4702 1 12.5286 4.1207 -2.7978 1.0000 1 0.0041
4740 0 2.0000 1.5635 -1.2792 1.0000 0 0.0000
4742 0 6.8000 3.5528 -1.9140 1.0000 0 0.0000
4748 13 12.7000 4.2177 0.0711 0.5000 2 0.0533
4750 5 6.1000 2.7264 -0.4035 0.8000 2 0.0205
4758 2 3.1000 1.9692 -0.5586 0.8000 2 0.0082
4764 4 7.6000 4.0607 -0.8866 0.9000 1 0.0164
4766 1 6.8000 2.6162 -2.2170 1.0000 1 0.0041
4812 16 9.5000 8.8349 0.7357 0.2000 1 0.0656
4814 7 10.3000 4.2439 -0.7776 0.7000 1 0.0287
4830 0 4.5000 4.0069 -1.1231 1.0000 0 0.0000
4946 1260 1585.2500 133.1909 -2.4420 1.0000 6 5.1640
4950 1316 833.5571 75.8977 6.3565 0.0000 5 5.3936
4952 152 55.3000 14.8857 6.4962 0.0000 3 0.6230
4954 45 90.1000 13.6694 -3.2993 1.0000 3 0.1844
4958 9 41.2000 11.2530 -2.8615 1.0000 1 0.0369
4994 53 105.7200 40.9139 -1.2886 1.0000 2 0.2172
4998 10 6.4000 3.6271 0.9925 0.2000 2 0.0410
5002 123 141.9500 34.9381 -0.5424 0.6000 3 0.5041
5004 0 14.0000 4.1366 -3.3845 1.0000 0 0.0000
5006 0 8.6000 4.3512 -1.9764 1.0000 0 0.0000
5010 818 920.5000 88.0380 -1.1643 0.9000 5 3.3525
5012 56 58.7500 11.6622 -0.2358 0.7000 4 0.2295
5014 63 43.5000 9.9197 1.9658 0.1000 3 0.2582
5016 881 818.7167 66.4302 0.9376 0.2000 6 3.6107
5018 742 658.1714 58.9096 1.4230 0.2000 4 3.0410
5020 7 40.5714 10.8477 -3.0948 1.0000 2 0.0287
5022 22 35.1375 8.5822 -1.5308 0.9000 3 0.0902
5058 2 6.1000 2.3781 -1.7240 0.9000 2 0.0082
5062 4 6.2000 3.9944 -0.5508 0.7000 2 0.0164
5064 9 6.3000 5.2504 0.5142 0.3000 1 0.0369
5066 9 8.0000 4.8074 0.2080 0.4000 2 0.0369
5068 2 14.7000 8.6801 -1.4631 1.0000 1 0.0082
5070 1 7.9000 3.5808 -1.9269 1.0000 1 0.0041
5074 39 55.7000 7.9449 -2.1020 1.0000 2 0.1598
5076 11 63.5000 13.8263 -3.7971 1.0000 2 0.0451
5078 79 78.8500 19.2528 0.0078 0.6000 2 0.3238
5080 48 38.6143 10.9281 0.8589 0.2000 2 0.1967
5082 30 47.9500 12.4469 -1.4421 1.0000 2 0.1230
5084 2 33.3250 11.7969 -2.6554 1.0000 2 0.0082
5086 29 41.9222 10.8735 -1.1884 0.9000 3 0.1189
6342 1 3.4000 3.0258 -0.7932 0.8000 1 0.0041
6348 1204 1204.2000 120.6342 -0.0017 0.6000 5 4.9345
6350 30 37.9571 7.4316 -1.0707 0.9000 2 0.1230
6356 19 17.1167 11.3850 0.1654 0.3000 2 0.0779
6358 9 3.1000 2.1833 2.7024 0.0000 2 0.0369
6364 625 672.4000 61.7652 -0.7674 0.7000 5 2.5615
6366 62 45.9250 9.6408 1.6674 0.1000 3 0.2541
6550 15 34.0571 9.7734 -1.9499 0.9000 3 0.0615
6552 17421 16909.6667 303.4468 1.6851 0.1000 9 71.3990
6554 3638 4208.3000 187.1048 -3.0480 1.0000 5 14.9102
6558 33 116.9750 21.6606 -3.8769 1.0000 3 0.1352
6598 2 2.6000 2.2211 -0.2701 0.6000 1 0.0082
6602 11 25.0000 13.4743 -1.0390 0.8000 2 0.0451
6604 458 958.6286 83.5162 -5.9944 1.0000 4 1.8771
6606 11 32.5750 7.3357 -2.9411 1.0000 2 0.0451
6614 42 36.5250 10.6754 0.5129 0.2000 3 0.1721
6616 1650 1477.5857 74.9074 2.3017 0.0000 5 6.7624
6618 113 149.2875 14.5034 -2.5020 1.0000 4 0.4631
6620 2251 2213.3125 45.1355 0.8350 0.2000 5 9.2256
6622 146 111.8889 17.6708 1.9304 0.0000 4 0.5984
6854 0 2.3000 2.4060 -0.9559 1.0000 0 0.0000
6858 157 77.9857 13.1431 6.0118 0.0000 4 0.6435
6862 23 24.2250 8.9882 -0.1363 0.4000 1 0.0943
6870 6 3.6000 1.8974 1.2649 0.2000 1 0.0246
6874 7 48.4875 5.0361 -8.2380 1.0000 1 0.0287
6876 29 35.8000 8.0111 -0.8488 0.9000 2 0.1189
6878 17 36.9889 8.5871 -2.3278 1.0000 2 0.0697
7126 55 35.5222 8.3125 2.3432 0.0000 2 0.2254
7128 63 37.8000 8.5219 2.9571 0.0000 2 0.2582
7130 89 108.4667 7.9435 -2.4506 1.0000 3 0.3648
7134 138 70.7200 6.2951 10.6877 0.0000 3 0.5656
13142 2293 2135.5875 101.9850 1.5435 0.1000 5 9.3977
13146 186 136.9625 20.2956 2.4162 0.0000 4 0.7623
13148 26 46.2125 7.9412 -2.5453 1.0000 2 0.1066
13150 93 207.5333 18.4411 -6.2108 1.0000 3 0.3812
13260 0 0.6125 0.7082 -0.8649 1.0000 0 0.0000
13262 0 18.2889 6.4063 -2.8548 1.0000 0 0.0000
13278 21 35.8200 10.3070 -1.4379 1.0000 2 0.0861
14678 16 18.2250 8.6089 -0.2585 0.7000 2 0.0656
14686 4 3.9111 2.7586 0.0322 0.4000 1 0.0164
14790 0 0.9000 1.5239 -0.5906 1.0000 0 0.0000
14798 17 24.2556 10.4385 -0.6951 0.7000 2 0.0697
14810 93 93.7000 17.2887 -0.0405 0.6000 3 0.3812
14812 104 120.7111 15.3613 -1.0879 0.9000 4 0.4262
14814 119 116.3400 15.2793 0.1741 0.6000 2 0.4877
15258 1885 1544.6667 57.5072 5.9181 0.0000 6 7.7256
15262 277 245.0800 25.3238 1.2605 0.1000 2 1.1353
15310 8 49.6500 9.4618 -4.4019 1.0000 2 0.0328
15326 223 188.2364 9.0583 3.8377 0.0000 3 0.9140
31710 120 88.3000 9.4522 3.3537 0.0000 3 0.4918
