14 106 150.8000 22.4115 -1.9990 1.0000 5 0.4496
28 412 342.4333 51.3829 1.3474 0.1000 4 1.7461
30 21 30.7000 7.9711 -1.2169 0.9000 1 0.0891
74 648 604.7000 57.4275 0.7540 0.3000 5 2.7485
76 8665 9815.1333 379.1673 -3.0333 1.0000 9 36.7522
78 607 611.1500 65.6025 -0.0633 0.6000 6 2.5746
90 16 22.1750 7.2601 -0.8850 0.8000 2 0.0668
92 764 610.3500 53.7823 2.8476 0.0000 5 3.2384
94 81 56.3000 7.9600 3.1281 0.0000 3 0.3444
204 1075 1664.3500 300.3162 -1.9616 1.0000 6 4.5606
206 320 167.5000 31.7644 4.8136 0.0000 6 1.3590
222 52 9.3333 3.3665 12.5254 0.0000 3 0.2184
280 3389 3488.1667 288.9001 -0.3444 0.6000 7 14.3729
282 332 454.6000 86.1248 -1.4264 0.9000 4 1.4071
286 7 15.3000 7.6013 -1.0919 0.8000 1 0.0297
328 422 403.5000 77.6294 0.2340 0.5000 5 1.7885
330 14 18.2500 10.2727 -0.3650 0.6000 2 0.0615
332 481 694.0750 94.1940 -2.2621 1.0000 4 2.0401
334 43 46.4200 7.5539 -0.3998 0.7000 3 0.1841
344 617 339.2500 62.4677 4.4463 0.0000 6 2.6170
346 18 17.6800 8.0301 0.0648 0.3000 2 0.0772
348 446 476.2600 66.4835 -0.4612 0.8000 4 1.8900
350 30 29.6333 5.0184 0.0066 0.7000 2 0.1258
390 24 28.3000 9.5028 -0.4262 0.6000 2 0.1029
392 6908 7334.5667 292.0685 -1.4605 0.9000 8 29.3000
394 327 304.5750 23.7776 0.9431 0.2000 6 1.3870
396 283 478.0250 48.5619 -4.0160 1.0000 4 1.2003
398 7 17.7600 5.1301 -2.0974 1.0000 2 0.0297
404 808 619.1500 65.9515 2.8710 0.0000 6 3.4292
406 54 62.1800 12.5473 -0.6838 0.7000 3 0.2273
408 6012 5842.6000 186.0644 0.9091 0.2000 6 25.4986
410 528 351.8800 44.6553 3.9440 0.0000 3 2.2395
412 152 322.2200 46.2074 -3.6882 1.0000 4 0.6439
414 11 21.7167 6.2341 -1.6656 0.9000 2 0.0481
454 30 23.2000 8.9918 0.8007 0.2000 3 0.1289
456 195 324.3750 53.7877 -2.4053 1.0000 5 0.8271
458 3 11.4200 6.5993 -1.2759 1.0000 1 0.0127
460 161 403.8600 100.4678 -2.4213 1.0000 4 0.6812
462 11 14.6667 5.5154 -0.6648 0.7000 2 0.0467
468 278 316.6200 38.1327 -1.0128 0.8000 3 1.1791
470 45 64.9667 8.5983 -2.2834 1.0000 2 0.1923
472 311 307.8400 70.8287 0.0418 0.5000 6 1.3182
474 22 14.8500 4.7735 1.5677 0.0000 1 0.0947
476 215 293.7500 59.5631 -1.3277 1.0000 5 0.9105
478 25 23.0714 10.2278 0.2025 0.5000 3 0.1066
856 49 9.8000 5.4829 7.1860 0.0000 3 0.2087
858 51 28.7333 7.2441 3.0738 0.0000 3 0.2163
862 18 24.9857 6.7537 -0.9921 0.9000 3 0.0776
904 156 197.0750 34.1185 -1.2039 1.0000 4 0.6617
906 384 249.6200 34.5479 3.9012 0.0000 5 1.6304
908 7 19.7200 7.4989 -1.6963 1.0000 2 0.0297
910 36 15.7333 5.4218 3.7380 0.0000 3 0.1527
922 254 118.1500 19.0012 7.1495 0.0000 4 1.0773
924 9 10.4000 3.1848 -0.4396 0.8000 2 0.0382
926 2 11.3429 4.0981 -2.2798 1.0000 1 0.0085
972 2 16.8667 6.0189 -2.4700 1.0000 1 0.0085
974 2 17.6286 8.3003 -1.8829 1.0000 1 0.0085
990 22 12.2875 3.8261 2.4731 0.0000 1 0.0923
2184 75485 78737.9000 742.6588 -4.3801 1.0000 12 320.1664
2186 29300 29194.0000 524.3341 0.2031 0.6000 9 124.2768
2190 623 952.0800 59.5247 -5.5285 1.0000 7 2.6424
2202 1489 1026.0800 61.1668 7.5682 0.0000 4 6.3155
2204 1111 1438.0600 91.3908 -3.5787 1.0000 7 4.7123
2206 66 112.9333 12.5681 -3.7343 1.0000 3 0.2799
2252 12279 12775.0000 176.8796 -2.8042 1.0000 8 52.0808
2254 1876 1515.9667 79.5785 4.5243 0.0000 5 7.9570
2270 140 53.0429 6.9246 12.5577 0.0000 3 0.5938
2458 1991 1678.4500 129.9182 2.4057 0.0000 4 8.4447
2462 54 71.6143 15.0947 -1.1669 0.9000 2 0.2290
2506 4 16.1000 7.6077 -1.5905 1.0000 1 0.0170
2510 61 78.2857 6.8832 -2.5113 1.0000 2 0.2587
2524 811 649.5714 44.2487 3.6579 0.0000 5 3.4416
2526 144 89.3875 14.1763 3.8877 0.0000 3 0.6129
3038 51 23.4556 6.2153 4.4854 0.0000 2 0.2177
4370 12019 12443.3500 303.3230 -1.3990 1.0000 9 50.9781
4374 600 826.7000 64.8153 -3.4976 1.0000 4 2.5449
4382 8 19.7333 4.3385 -2.7045 1.0000 1 0.0339
4418 164 210.7500 48.1508 -0.9709 0.8000 2 0.6956
4420 3920 3659.5250 167.7779 1.5525 0.2000 7 16.6265
4422 206 233.7400 35.1711 -0.7887 0.8000 3 0.8737
4424 542 436.5000 33.3639 3.1621 0.0000 5 2.2989
4426 3 11.2200 5.7923 -1.4191 1.0000 1 0.0127
4428 341 500.3400 60.2901 -2.6429 1.0000 3 1.4463
4430 4 14.5667 5.9005 -1.7908 1.0000 2 0.0170
4434 818 999.6200 86.4596 -2.1006 1.0000 4 3.4695
4436 17746 17981.4200 297.6063 -0.7910 0.8000 8 75.2689
4438 1075 892.9333 93.2652 1.9521 0.0000 5 4.5596
4440 1987 1358.2400 86.6286 7.2581 0.0000 6 8.4278
4442 62 68.1500 6.2615 -0.9822 0.8000 3 0.2630
4444 755 1113.5667 122.2045 -2.9342 1.0000 4 3.2023
4446 49 62.4143 9.2117 -1.4562 1.0000 3 0.2078
4546 6 5.1000 1.7920 0.5022 0.3000 1 0.0254
4548 255 317.9000 35.3820 -1.7777 1.0000 5 1.0816
4550 4 7.5000 4.6007 -0.7607 0.9000 1 0.0170
4556 170 160.6167 38.2984 0.2450 0.4000 4 0.7210
4558 2 3.8000 3.0840 -0.5837 0.9000 1 0.0085
4562 18 25.2667 7.3791 -0.9848 0.9000 2 0.0763
4564 1027 1024.0333 90.9159 0.0326 0.3000 7 4.3560
4566 22 37.8857 7.6756 -2.0696 1.0000 3 0.0933
4572 211 360.2143 70.3616 -2.1207 1.0000 3 0.8949
4574 34 16.1000 5.4734 3.2704 0.0000 3 0.1442
4678 134 163.0600 32.8310 -0.8851 0.9000 4 0.5684
4682 20 22.2600 4.8406 -0.4669 0.7000 3 0.0848
4686 0 8.3667 2.6373 -3.1724 1.0000 0 0.0000
4692 152 313.3000 46.4542 -3.4722 1.0000 4 0.6447
4694 205 273.2000 36.9047 -1.8480 1.0000 4 0.8695
4698 16 14.7333 1.9232 0.6586 0.3000 1 0.0679
4700 5 11.4500 5.9198 -1.0896 0.9000 2 0.0212
4702 8 15.1857 2.5759 -2.7896 1.0000 1 0.0339
4740 2 2.7000 2.5841 -0.2709 0.6000 1 0.0085
4742 14 8.2000 4.8259 1.2019 0.1000 2 0.0594
4748 6 15.5600 8.0971 -1.1807 1.0000 2 0.0254
4750 6 14.0667 4.0607 -1.9865 1.0000 2 0.0254
4758 2 2.7000 1.8886 -0.3707 0.8000 1 0.0085
4764 4 8.4000 4.9933 -0.8812 0.9000 1 0.0170
4766 3 6.8000 4.8717 -0.7800 1.0000 1 0.0127
4812 2 8.1333 5.1273 -1.1962 1.0000 1 0.0085
4814 2 11.6143 5.4950 -1.7496 1.0000 1 0.0085
4830 0 4.4000 3.0623 -1.4368 1.0000 0 0.0000
4946 1025 1220.2500 97.9404 -1.9936 0.9000 6 4.3475
4950 630 516.9857 57.4559 1.9670 0.0000 4 2.6721
4952 133 37.2833 9.9527 9.6172 0.0000 3 0.5641
4954 71 59.9571 8.3120 1.3286 0.1000 3 0.3011
4958 18 34.8125 7.1641 -2.3468 1.0000 2 0.0763
4994 190 215.6400 26.9547 -0.9512 0.8000 2 0.8059
4998 10 11.4500 4.2127 -0.3442 0.8000 1 0.0424
5002 209 215.8667 38.6174 -0.1778 0.5000 4 0.8865
5004 5 19.4000 5.6345 -2.5557 1.0000 2 0.0212
5006 18 12.6286 4.2219 1.2723 0.2000 2 0.0763
5010 565 654.6333 48.3987 -1.8520 0.9000 5 2.3964
5012 53 42.7167 7.3190 1.4050 0.1000 3 0.2248
5014 46 32.0143 10.2907 1.3591 0.1000 4 0.1951
5016 793 930.3667 91.6611 -1.4986 1.0000 6 3.3635
5018 472 504.5286 52.2502 -0.6226 0.8000 5 2.0020
5020 27 43.5286 6.2376 -2.6498 1.0000 2 0.1145
5022 24 26.0875 8.9215 -0.2340 0.5000 3 0.1018
5058 4 10.8500 5.1642 -1.3264 1.0000 1 0.0170
5062 6 9.1000 4.3321 -0.7156 0.7000 2 0.0254
5064 2 8.3833 3.0752 -2.0757 1.0000 1 0.0085
5066 3 6.3429 4.3232 -0.7732 0.9000 2 0.0127
5068 8 20.9571 10.4154 -1.2440 1.0000 2 0.0339
5070 0 8.0125 3.2191 -2.4890 1.0000 0 0.0000
5074 22 41.2429 5.2636 -3.6558 1.0000 2 0.0933
5076 32 64.6000 14.2072 -2.2946 1.0000 2 0.1357
5078 34 37.6875 9.5280 -0.3870 0.6000 1 0.1442
5080 39 53.2571 11.0847 -1.2862 0.9000 2 0.1654
5082 15 24.9125 7.3118 -1.3557 0.9000 2 0.0636
5084 16 46.3375 8.2443 -3.6798 1.0000 1 0.0679
5086 17 32.3778 8.3354 -1.8449 1.0000 3 0.0721
6342 7 7.0000 4.4472 0.0000 0.5000 1 0.0297
6348 651 957.7500 93.7208 -3.2730 1.0000 5 2.7612
6350 31 39.7286 10.5242 -0.8294 0.7000 3 0.1315
6356 77 86.3333 12.3486 -0.7558 0.8000 1 0.3266
6358 6 14.4000 5.6202 -1.4946 1.0000 1 0.0254
6364 706 733.3429 65.1371 -0.4198 0.9000 4 2.9945
6366 71 50.0375 11.0517 1.8968 0.0000 3 0.3011
6550 7 30.1143 8.8625 -2.6081 1.0000 2 0.0297
6552 11698 11682.2167 179.9592 0.0877 0.5000 6 49.6166
6554 2069 2366.4429 164.9612 -1.8031 1.0000 6 8.7756
6558 37 68.4375 15.9298 -1.9735 1.0000 4 0.1569
6598 8 7.0000 4.3205 0.2315 0.3000 1 0.0339
6602 7 28.7000 5.5388 -3.9178 1.0000 2 0.0297
6604 957 989.0857 101.4430 -0.3163 0.7000 4 4.0591
6606 21 27.0000 8.2462 -0.7276 0.9000 2 0.0891
6614 19 29.6625 6.4191 -1.6611 1.0000 2 0.0806
6616 1654 1595.3429 86.5409 0.6778 0.2000 6 7.0154
6618 78 128.8875 17.2578 -2.9487 1.0000 3 0.3308
6620 1720 1878.7125 91.3457 -1.7375 0.9000 5 7.2953
6622 83 92.4556 16.2652 -0.5813 0.7000 3 0.3520
6854 3 3.2000 1.8135 -0.1103 0.6000 1 0.0127
6858 50 38.0429 8.2624 1.4472 0.1000 1 0.2121
6862 17 14.8625 5.3614 0.3987 0.3000 2 0.0721
6870 12 8.1000 3.6040 1.0821 0.1000 1 0.0509
6874 61 69.0375 11.3087 -0.7107 0.8000 2 0.2587
6876 18 29.9875 7.5216 -1.5937 1.0000 1 0.0763
6878 29 21.6000 5.5217 1.3402 0.1000 1 0.1230
7126 26 20.6556 4.5114 1.1847 0.1000 2 0.1103
7128 98 52.1375 9.6322 4.7614 0.0000 2 0.4157
7130 120 137.7778 15.2088 -1.1689 0.8000 3 0.5090
7134 45 51.8200 6.0674 -1.1240 0.9000 3 0.1909
13142 1311 1039.1500 89.2284 3.0467 0.0000 5 5.5605
13146 68 44.5000 9.5924 2.4499 0.0000 2 0.2884
13148 27 40.9625 11.0191 -1.2671 0.9000 2 0.1145
13150 89 122.1111 17.4952 -1.8926 1.0000 2 0.3775
13260 0 1.9000 1.5239 -1.2468 1.0000 0 0.0000
13262 14 23.9333 6.2410 -1.5916 0.9000 2 0.0594
13278 25 24.8700 6.7531 0.0193 0.6000 2 0.1060
14678 19 16.3000 4.9453 0.5460 0.2000 2 0.0806
14686 4 3.4000 2.8752 0.2087 0.3000 1 0.0170
14790 0 0.9000 0.8756 -1.0279 1.0000 0 0.0000
14798 9 19.3000 8.1110 -1.2699 0.9000 1 0.0382
14810 38 36.4556 6.1041 0.2530 0.4000 3 0.1612
14812 49 79.8111 11.6872 -2.6363 1.0000 2 0.2078
14814 55 51.2300 11.5707 0.3258 0.6000 3 0.2333
15258 850 711.8000 43.4945 3.1774 0.0000 4 3.6052
15262 114 112.4500 13.8905 0.1116 0.5000 3 0.4835
15310 34 37.7100 14.4844 -0.2561 0.6000 2 0.1442
15326 111 89.4818 5.5067 3.9077 0.0000 3 0.4708
31710 33 16.5000 3.4400 4.7966 0.0000 3 0.1400
