
   Summary motif results
   =====================
mfinder Version 1.20

MOTIF FINDER RESULTS:

	Network name: motif_input_ec.txt
	Network type: Directed
	Num of Nodes: 63 Num of Edges: 753
	Num of Nodes with edges: 63
	Maximal out degree (out-hub) : 17
	Maximal in degree (in-hub) : 63
	Roots num: 32 Leaves num: 0
	Single Edges num: 602 Mutual Edges num: 66

	Motif size searched  4
	Total number of 4-node subgraphs : 235740
	Number of random networks generated : 10
	Random networks generation method: Switches
	Num of Switches range: 100.0-200.0, Success switches Ratio:0.081+-0.00

The following motifs were found:

Criteria taken : Nreal Zscore > 2.00
                 Pval ignored (due to small number of random networks)
                 Mfactor > 1.10
                 Uniqueness >= 4


	Top Motifs List

MOTIF	NREAL	NRAND		NREAL	NREAL	UNIQ	CREAL
ID		STATS		ZSCORE	PVAL	VAL	[MILI]	

206	320	167.5+-31.8	4.81	0.000	6	1.36

0 1 1 1 
0 0 1 1 
0 0 0 0 
0 0 0 0 

906	384	249.6+-34.5	3.90	0.000	5	1.63

0 1 0 1 
0 0 0 1 
1 1 0 0 
0 0 0 0 

2254	1876	1516.0+-79.6	4.52	0.000	5	7.96

0 1 1 1 
0 0 1 1 
0 0 0 1 
0 0 0 0 

2458	1991	1678.5+-129.9	2.41	0.000	4	8.44

0 1 0 1 
1 0 0 1 
1 0 0 1 
0 0 0 0 

2524	811	649.6+-44.2	3.66	0.000	5	3.44

0 0 1 1 
1 0 1 1 
1 0 0 1 
0 0 0 0 

13142	1311	1039.2+-89.2	3.05	0.000	5	5.56

0 1 1 0 
1 0 1 0 
1 1 0 0 
1 1 0 0 

15258	850	711.8+-43.5	3.18	0.000	4	3.61

0 1 0 1 
1 0 0 1 
1 1 0 1 
1 1 0 0 



	(Total No. of non-dangling motifs : 8)



	Full list includes 14 motifs
MOTIF	NREAL	NRAND		NREAL	NREAL	UNIQ	CREAL
ID		STATS		ZSCORE	PVAL	VAL	[MILI]	

92	764	610.4+-53.8	2.85	0.000	5	3.24

0 0 1 1 
1 0 1 0 
0 0 0 0 
0 0 0 0 

206	320	167.5+-31.8	4.81	0.000	6	1.36

0 1 1 1 
0 0 1 1 
0 0 0 0 
0 0 0 0 

344	617	339.2+-62.5	4.45	0.000	6	2.62

0 0 0 1 
1 0 1 0 
1 0 0 0 
0 0 0 0 

404	808	619.1+-66.0	2.87	0.000	6	3.43

0 0 1 0 
1 0 0 1 
1 0 0 0 
0 0 0 0 

906	384	249.6+-34.5	3.90	0.000	5	1.63

0 1 0 1 
0 0 0 1 
1 1 0 0 
0 0 0 0 

922	254	118.2+-19.0	7.15	0.000	4	1.08

0 1 0 1 
1 0 0 1 
1 1 0 0 
0 0 0 0 

2202	1489	1026.1+-61.2	7.57	0.000	4	6.32

0 1 0 1 
1 0 0 1 
0 0 0 1 
0 0 0 0 

2254	1876	1516.0+-79.6	4.52	0.000	5	7.96

0 1 1 1 
0 0 1 1 
0 0 0 1 
0 0 0 0 

2458	1991	1678.5+-129.9	2.41	0.000	4	8.44

0 1 0 1 
1 0 0 1 
1 0 0 1 
0 0 0 0 

2524	811	649.6+-44.2	3.66	0.000	5	3.44

0 0 1 1 
1 0 1 1 
1 0 0 1 
0 0 0 0 

4424	542	436.5+-33.4	3.16	0.000	5	2.30

0 0 0 1 
0 0 1 0 
1 0 0 0 
1 0 0 0 

4440	1987	1358.2+-86.6	7.26	0.000	6	8.43

0 0 0 1 
1 0 1 0 
1 0 0 0 
1 0 0 0 

13142	1311	1039.2+-89.2	3.05	0.000	5	5.56

0 1 1 0 
1 0 1 0 
1 1 0 0 
1 1 0 0 

15258	850	711.8+-43.5	3.18	0.000	4	3.61

0 1 0 1 
1 0 0 1 
1 1 0 1 
1 1 0 0 




Full list of subgraphs size 4 ids:

	( Total num of different subgraphs size 4 is : 199 )

MOTIF	NREAL	NRAND		NREAL	NREAL	CREAL	UNIQ
ID		STATS		ZSCORE	PVAL	[MILI]	
14	106	150.8+-22.4	-2.00	1.000	0.45	5

28	412	342.4+-51.4	1.35	0.100	1.75	4

30	21	30.7+-8.0	-1.22	0.900	0.09	1

74	648	604.7+-57.4	0.75	0.300	2.75	5

76	8665	9815.1+-379.2	-3.03	1.000	36.75	9

78	607	611.1+-65.6	-0.06	0.600	2.57	6

90	16	22.2+-7.3	-0.88	0.800	0.07	2

92	764	610.4+-53.8	2.85	0.000	3.24	5

94	81	56.3+-8.0	3.13	0.000	0.34	3

204	1075	1664.3+-300.3	-1.96	1.000	4.56	6

206	320	167.5+-31.8	4.81	0.000	1.36	6

222	52	9.3+-3.4	12.53	0.000	0.22	3

280	3389	3488.2+-288.9	-0.34	0.600	14.37	7

282	332	454.6+-86.1	-1.43	0.900	1.41	4

286	7	15.3+-7.6	-1.09	0.800	0.03	1

328	422	403.5+-77.6	0.23	0.500	1.79	5

330	14	18.2+-10.3	-0.37	0.600	0.06	2

332	481	694.1+-94.2	-2.26	1.000	2.04	4

334	43	46.4+-7.6	-0.40	0.700	0.18	3

344	617	339.2+-62.5	4.45	0.000	2.62	6

346	18	17.7+-8.0	0.06	0.300	0.08	2

348	446	476.3+-66.5	-0.46	0.800	1.89	4

350	30	29.6+-5.0	0.01	0.700	0.13	2

390	24	28.3+-9.5	-0.43	0.600	0.10	2

392	6908	7334.6+-292.1	-1.46	0.900	29.30	8

394	327	304.6+-23.8	0.94	0.200	1.39	6

396	283	478.0+-48.6	-4.02	1.000	1.20	4

398	7	17.8+-5.1	-2.10	1.000	0.03	2

404	808	619.1+-66.0	2.87	0.000	3.43	6

406	54	62.2+-12.5	-0.68	0.700	0.23	3

408	6012	5842.6+-186.1	0.91	0.200	25.50	6

410	528	351.9+-44.7	3.94	0.000	2.24	3

412	152	322.2+-46.2	-3.69	1.000	0.64	4

414	11	21.7+-6.2	-1.67	0.900	0.05	2

454	30	23.2+-9.0	0.80	0.200	0.13	3

456	195	324.4+-53.8	-2.41	1.000	0.83	5

458	3	11.4+-6.6	-1.28	1.000	0.01	1

460	161	403.9+-100.5	-2.42	1.000	0.68	4

462	11	14.7+-5.5	-0.66	0.700	0.05	2

468	278	316.6+-38.1	-1.01	0.800	1.18	3

470	45	65.0+-8.6	-2.28	1.000	0.19	2

472	311	307.8+-70.8	0.04	0.500	1.32	6

474	22	14.8+-4.8	1.57	0.000	0.09	1

476	215	293.8+-59.6	-1.33	1.000	0.91	5

478	25	23.1+-10.2	0.20	0.500	0.11	3

856	49	9.8+-5.5	7.19	0.000	0.21	3

858	51	28.7+-7.2	3.07	0.000	0.22	3

862	18	25.0+-6.8	-0.99	0.900	0.08	3

904	156	197.1+-34.1	-1.20	1.000	0.66	4

906	384	249.6+-34.5	3.90	0.000	1.63	5

908	7	19.7+-7.5	-1.70	1.000	0.03	2

910	36	15.7+-5.4	3.74	0.000	0.15	3

922	254	118.2+-19.0	7.15	0.000	1.08	4

924	9	10.4+-3.2	-0.44	0.800	0.04	2

926	2	11.3+-4.1	-2.28	1.000	0.01	1

972	2	16.9+-6.0	-2.47	1.000	0.01	1

974	2	17.6+-8.3	-1.88	1.000	0.01	1

990	22	12.3+-3.8	2.47	0.000	0.09	1

2184	75485	78737.9+-742.7	-4.38	1.000	320.17	12

2186	29300	29194.0+-524.3	0.20	0.600	124.28	9

2190	623	952.1+-59.5	-5.53	1.000	2.64	7

2202	1489	1026.1+-61.2	7.57	0.000	6.32	4

2204	1111	1438.1+-91.4	-3.58	1.000	4.71	7

2206	66	112.9+-12.6	-3.73	1.000	0.28	3

2252	12279	12775.0+-176.9	-2.80	1.000	52.08	8

2254	1876	1516.0+-79.6	4.52	0.000	7.96	5

2270	140	53.0+-6.9	12.56	0.000	0.59	3

2458	1991	1678.5+-129.9	2.41	0.000	8.44	4

2462	54	71.6+-15.1	-1.17	0.900	0.23	2

2506	4	16.1+-7.6	-1.59	1.000	0.02	1

2510	61	78.3+-6.9	-2.51	1.000	0.26	2

2524	811	649.6+-44.2	3.66	0.000	3.44	5

2526	144	89.4+-14.2	3.89	0.000	0.61	3

3038	51	23.5+-6.2	4.49	0.000	0.22	2

4370	12019	12443.4+-303.3	-1.40	1.000	50.98	9

4374	600	826.7+-64.8	-3.50	1.000	2.54	4

4382	8	19.7+-4.3	-2.70	1.000	0.03	1

4418	164	210.8+-48.2	-0.97	0.800	0.70	2

4420	3920	3659.5+-167.8	1.55	0.200	16.63	7

4422	206	233.7+-35.2	-0.79	0.800	0.87	3

4424	542	436.5+-33.4	3.16	0.000	2.30	5

4426	3	11.2+-5.8	-1.42	1.000	0.01	1

4428	341	500.3+-60.3	-2.64	1.000	1.45	3

4430	4	14.6+-5.9	-1.79	1.000	0.02	2

4434	818	999.6+-86.5	-2.10	1.000	3.47	4

4436	17746	17981.4+-297.6	-0.79	0.800	75.27	8

4438	1075	892.9+-93.3	1.95	0.000	4.56	5

4440	1987	1358.2+-86.6	7.26	0.000	8.43	6

4442	62	68.2+-6.3	-0.98	0.800	0.26	3

4444	755	1113.6+-122.2	-2.93	1.000	3.20	4

4446	49	62.4+-9.2	-1.46	1.000	0.21	3

4546	6	5.1+-1.8	0.50	0.300	0.03	1

4548	255	317.9+-35.4	-1.78	1.000	1.08	5

4550	4	7.5+-4.6	-0.76	0.900	0.02	1

4556	170	160.6+-38.3	0.25	0.400	0.72	4

4558	2	3.8+-3.1	-0.58	0.900	0.01	1

4562	18	25.3+-7.4	-0.98	0.900	0.08	2

4564	1027	1024.0+-90.9	0.03	0.300	4.36	7

4566	22	37.9+-7.7	-2.07	1.000	0.09	3

4572	211	360.2+-70.4	-2.12	1.000	0.89	3

4574	34	16.1+-5.5	3.27	0.000	0.14	3

4678	134	163.1+-32.8	-0.89	0.900	0.57	4

4682	20	22.3+-4.8	-0.47	0.700	0.08	3

4686	0	8.4+-2.6	-3.17	1.000	0.00	0

4692	152	313.3+-46.5	-3.47	1.000	0.64	4

4694	205	273.2+-36.9	-1.85	1.000	0.87	4

4698	16	14.7+-1.9	0.66	0.300	0.07	1

4700	5	11.4+-5.9	-1.09	0.900	0.02	2

4702	8	15.2+-2.6	-2.79	1.000	0.03	1

4740	2	2.7+-2.6	-0.27	0.600	0.01	1

4742	14	8.2+-4.8	1.20	0.100	0.06	2

4748	6	15.6+-8.1	-1.18	1.000	0.03	2

4750	6	14.1+-4.1	-1.99	1.000	0.03	2

4758	2	2.7+-1.9	-0.37	0.800	0.01	1

4764	4	8.4+-5.0	-0.88	0.900	0.02	1

4766	3	6.8+-4.9	-0.78	1.000	0.01	1

4812	2	8.1+-5.1	-1.20	1.000	0.01	1

4814	2	11.6+-5.5	-1.75	1.000	0.01	1

4830	0	4.4+-3.1	-1.44	1.000	0.00	0

4946	1025	1220.2+-97.9	-1.99	0.900	4.35	6

4950	630	517.0+-57.5	1.97	0.000	2.67	4

4952	133	37.3+-10.0	9.62	0.000	0.56	3

4954	71	60.0+-8.3	1.33	0.100	0.30	3

4958	18	34.8+-7.2	-2.35	1.000	0.08	2

4994	190	215.6+-27.0	-0.95	0.800	0.81	2

4998	10	11.4+-4.2	-0.34	0.800	0.04	1

5002	209	215.9+-38.6	-0.18	0.500	0.89	4

5004	5	19.4+-5.6	-2.56	1.000	0.02	2

5006	18	12.6+-4.2	1.27	0.200	0.08	2

5010	565	654.6+-48.4	-1.85	0.900	2.40	5

5012	53	42.7+-7.3	1.41	0.100	0.22	3

5014	46	32.0+-10.3	1.36	0.100	0.20	4

5016	793	930.4+-91.7	-1.50	1.000	3.36	6

5018	472	504.5+-52.3	-0.62	0.800	2.00	5

5020	27	43.5+-6.2	-2.65	1.000	0.11	2

5022	24	26.1+-8.9	-0.23	0.500	0.10	3

5058	4	10.8+-5.2	-1.33	1.000	0.02	1

5062	6	9.1+-4.3	-0.72	0.700	0.03	2

5064	2	8.4+-3.1	-2.08	1.000	0.01	1

5066	3	6.3+-4.3	-0.77	0.900	0.01	2

5068	8	21.0+-10.4	-1.24	1.000	0.03	2

5070	0	8.0+-3.2	-2.49	1.000	0.00	0

5074	22	41.2+-5.3	-3.66	1.000	0.09	2

5076	32	64.6+-14.2	-2.29	1.000	0.14	2

5078	34	37.7+-9.5	-0.39	0.600	0.14	1

5080	39	53.3+-11.1	-1.29	0.900	0.17	2

5082	15	24.9+-7.3	-1.36	0.900	0.06	2

5084	16	46.3+-8.2	-3.68	1.000	0.07	1

5086	17	32.4+-8.3	-1.84	1.000	0.07	3

6342	7	7.0+-4.4	0.00	0.500	0.03	1

6348	651	957.7+-93.7	-3.27	1.000	2.76	5

6350	31	39.7+-10.5	-0.83	0.700	0.13	3

6356	77	86.3+-12.3	-0.76	0.800	0.33	1

6358	6	14.4+-5.6	-1.49	1.000	0.03	1

6364	706	733.3+-65.1	-0.42	0.900	2.99	4

6366	71	50.0+-11.1	1.90	0.000	0.30	3

6550	7	30.1+-8.9	-2.61	1.000	0.03	2

6552	11698	11682.2+-180.0	0.09	0.500	49.62	6

6554	2069	2366.4+-165.0	-1.80	1.000	8.78	6

6558	37	68.4+-15.9	-1.97	1.000	0.16	4

6598	8	7.0+-4.3	0.23	0.300	0.03	1

6602	7	28.7+-5.5	-3.92	1.000	0.03	2

6604	957	989.1+-101.4	-0.32	0.700	4.06	4

6606	21	27.0+-8.2	-0.73	0.900	0.09	2

6614	19	29.7+-6.4	-1.66	1.000	0.08	2

6616	1654	1595.3+-86.5	0.68	0.200	7.02	6

6618	78	128.9+-17.3	-2.95	1.000	0.33	3

6620	1720	1878.7+-91.3	-1.74	0.900	7.30	5

6622	83	92.5+-16.3	-0.58	0.700	0.35	3

6854	3	3.2+-1.8	-0.11	0.600	0.01	1

6858	50	38.0+-8.3	1.45	0.100	0.21	1

6862	17	14.9+-5.4	0.40	0.300	0.07	2

6870	12	8.1+-3.6	1.08	0.100	0.05	1

6874	61	69.0+-11.3	-0.71	0.800	0.26	2

6876	18	30.0+-7.5	-1.59	1.000	0.08	1

6878	29	21.6+-5.5	1.34	0.100	0.12	1

7126	26	20.7+-4.5	1.18	0.100	0.11	2

7128	98	52.1+-9.6	4.76	0.000	0.42	2

7130	120	137.8+-15.2	-1.17	0.800	0.51	3

7134	45	51.8+-6.1	-1.12	0.900	0.19	3

13142	1311	1039.2+-89.2	3.05	0.000	5.56	5

13146	68	44.5+-9.6	2.45	0.000	0.29	2

13148	27	41.0+-11.0	-1.27	0.900	0.11	2

13150	89	122.1+-17.5	-1.89	1.000	0.38	2

13260	0	1.9+-1.5	-1.25	1.000	0.00	0

13262	14	23.9+-6.2	-1.59	0.900	0.06	2

13278	25	24.9+-6.8	0.02	0.600	0.11	2

14678	19	16.3+-4.9	0.55	0.200	0.08	2

14686	4	3.4+-2.9	0.21	0.300	0.02	1

14790	0	0.9+-0.9	-1.03	1.000	0.00	0

14798	9	19.3+-8.1	-1.27	0.900	0.04	1

14810	38	36.5+-6.1	0.25	0.400	0.16	3

14812	49	79.8+-11.7	-2.64	1.000	0.21	2

14814	55	51.2+-11.6	0.33	0.600	0.23	3

15258	850	711.8+-43.5	3.18	0.000	3.61	4

15262	114	112.5+-13.9	0.11	0.500	0.48	3

15310	34	37.7+-14.5	-0.26	0.600	0.14	2

15326	111	89.5+-5.5	3.91	0.000	0.47	3

31710	33	16.5+-3.4	4.80	0.000	0.14	3



 (Application total runtime was:   1.83 minutes).

 (Real network processing runtime was:    9.0 seconds.)

 (Single Random network processing runtime was:   10.0 seconds.)
