0 48 1
0 34 1
0 37 1
0 38 1
0 40 1
0 41 1
0 10 1
0 16 1
0 49 1
0 53 1
0 9 1
0 24 1
0 25 1
1 16 1
1 48 1
1 51 1
1 49 1
1 38 1
1 41 1
1 9 1
1 10 1
1 54 1
1 59 1
1 53 1
2 16 1
2 48 1
2 34 1
2 51 1
2 49 1
2 38 1
2 41 1
2 9 1
2 59 1
2 53 1
3 16 1
3 48 1
3 34 1
3 51 1
3 49 1
3 41 1
3 9 1
3 59 1
3 53 1
4 16 1
4 48 1
4 34 1
4 35 1
4 53 1
4 51 1
4 49 1
4 41 1
4 54 1
4 59 1
5 48 1
5 34 1
5 35 1
5 41 1
5 16 1
5 49 1
5 51 1
5 52 1
5 53 1
5 54 1
5 9 1
5 59 1
6 48 1
6 35 1
6 41 1
6 10 1
6 16 1
6 49 1
6 50 1
6 51 1
6 52 1
6 53 1
6 54 1
6 59 1
7 16 1
7 48 1
7 34 1
7 49 1
7 38 1
7 25 1
7 24 1
7 9 1
7 53 1
8 16 1
8 49 1
8 51 1
8 53 1
8 38 1
8 48 1
8 9 1
9 16 1
9 48 1
9 34 1
9 51 1
9 53 1
9 49 1
9 10 1
9 59 1
10 16 1
10 48 1
10 34 1
10 51 1
10 53 1
10 49 1
10 59 1
11 16 1
11 48 1
11 34 1
11 51 1
11 52 1
11 53 1
11 49 1
11 59 1
11 50 1
12 16 1
12 48 1
12 50 1
12 51 1
12 52 1
12 53 1
12 54 1
12 49 1
12 59 1
13 16 1
13 49 1
13 50 1
13 51 1
13 52 1
13 53 1
13 54 1
13 48 1
13 41 1
13 59 1
14 16 1
14 48 1
14 53 1
14 38 1
14 49 1
14 25 1
14 47 1
15 16 1
15 48 1
15 51 1
15 53 1
15 38 1
15 49 1
15 41 1
15 47 1
16 49 1
16 50 1
16 51 1
16 53 1
16 41 1
16 58 1
16 12 1
17 16 1
17 48 1
17 50 1
17 51 1
17 53 1
17 49 1
17 58 1
17 59 1
18 16 1
18 48 1
18 50 1
18 51 1
18 52 1
18 53 1
18 49 1
18 58 1
18 59 1
19 16 1
19 48 1
19 50 1
19 51 1
19 52 1
19 53 1
19 54 1
19 49 1
19 58 1
19 59 1
20 16 1
20 48 1
20 50 1
20 51 1
20 52 1
20 53 1
20 54 1
20 49 1
20 58 1
20 59 1
20 14 1
21 0 1
21 34 1
21 38 1
21 40 1
21 41 1
21 10 1
21 16 1
21 49 1
21 18 1
21 51 1
21 53 1
21 54 1
21 9 1
21 25 1
21 59 1
22 35 1
22 5 1
22 38 1
22 40 1
22 41 1
22 10 1
22 16 1
22 49 1
22 50 1
22 51 1
22 53 1
22 54 1
22 9 1
22 59 1
23 35 1
23 5 1
23 41 1
23 10 1
23 16 1
23 49 1
23 51 1
23 53 1
23 54 1
23 9 1
23 25 1
23 59 1
24 0 1
24 48 1
24 34 1
24 38 1
24 40 1
24 41 1
24 10 1
24 16 1
24 49 1
24 51 1
24 53 1
24 54 1
24 9 1
24 25 1
24 59 1
25 0 1
25 48 1
25 34 1
25 35 1
25 38 1
25 40 1
25 41 1
25 16 1
25 49 1
25 51 1
25 53 1
25 54 1
25 9 1
25 24 1
25 59 1
26 48 1
26 34 1
26 35 1
26 41 1
26 10 1
26 16 1
26 49 1
26 51 1
26 53 1
26 54 1
26 9 1
26 59 1
27 16 1
27 49 1
27 35 1
27 5 1
27 51 1
27 41 1
27 9 1
27 10 1
27 54 1
27 59 1
27 53 1
28 35 1
28 36 1
28 5 1
28 9 1
28 10 1
28 16 1
28 49 1
28 50 1
28 51 1
28 53 1
28 54 1
28 24 1
28 25 1
28 59 1
28 37 1
29 0 1
29 48 1
29 34 1
29 35 1
29 37 1
29 38 1
29 40 1
29 9 1
29 16 1
29 49 1
29 50 1
29 53 1
29 24 1
29 25 1
30 0 1
30 48 1
30 34 1
30 35 1
30 37 1
30 38 1
30 40 1
30 9 1
30 10 1
30 16 1
30 49 1
30 51 1
30 53 1
30 54 1
30 41 1
30 24 1
30 25 1
31 48 1
31 34 1
31 38 1
31 40 1
31 41 1
31 10 1
31 16 1
31 49 1
31 51 1
31 53 1
31 54 1
31 9 1
31 59 1
32 48 1
32 2 1
32 38 1
32 40 1
32 41 1
32 34 1
32 16 1
32 49 1
32 51 1
32 53 1
32 54 1
32 9 1
32 59 1
33 16 1
33 48 1
33 35 1
33 49 1
33 51 1
33 41 1
33 9 1
33 10 1
33 54 1
33 59 1
33 53 1
34 48 1
34 35 1
34 5 1
34 41 1
34 10 1
34 16 1
34 49 1
34 51 1
34 53 1
34 54 1
34 9 1
34 59 1
35 48 1
35 34 1
35 5 1
35 41 1
35 10 1
35 16 1
35 49 1
35 51 1
35 53 1
35 54 1
35 9 1
35 59 1
36 48 1
36 35 1
36 5 1
36 41 1
36 10 1
36 16 1
36 51 1
36 53 1
36 54 1
36 9 1
36 24 1
36 25 1
36 59 1
37 35 1
37 5 1
37 41 1
37 10 1
37 16 1
37 50 1
37 51 1
37 53 1
37 54 1
37 9 1
37 24 1
37 25 1
37 59 1
38 0 1
38 48 1
38 34 1
38 35 1
38 37 1
38 40 1
38 9 1
38 10 1
38 16 1
38 49 1
38 50 1
38 53 1
38 41 1
38 24 1
38 25 1
38 29 1
39 35 1
39 5 1
39 41 1
39 10 1
39 14 1
39 16 1
39 51 1
39 52 1
39 53 1
39 54 1
39 24 1
39 25 1
39 59 1
40 48 1
40 34 1
40 35 1
40 37 1
40 38 1
40 9 1
40 44 1
40 47 1
40 16 1
40 49 1
40 50 1
40 53 1
40 54 1
40 24 1
40 25 1
41 48 1
41 10 1
41 14 1
41 16 1
41 50 1
41 51 1
41 52 1
41 53 1
41 54 1
41 24 1
41 25 1
41 59 1
42 48 1
42 34 1
42 35 1
42 37 1
42 38 1
42 40 1
42 9 1
42 44 1
42 47 1
42 16 1
42 50 1
42 53 1
42 54 1
42 41 1
42 24 1
42 25 1
42 29 1
43 16 1
43 48 1
43 53 1
43 54 1
43 25 1
43 24 1
43 41 1
43 10 1
43 59 1
44 48 1
44 34 1
44 35 1
44 37 1
44 38 1
44 40 1
44 9 1
44 47 1
44 16 1
44 49 1
44 50 1
44 53 1
44 24 1
44 25 1
45 48 1
45 41 1
45 14 1
45 16 1
45 49 1
45 50 1
45 51 1
45 52 1
45 53 1
45 54 1
45 24 1
45 25 1
45 59 1
46 16 1
46 48 1
46 34 1
46 35 1
46 49 1
46 38 1
46 41 1
46 24 1
46 25 1
46 53 1
46 47 1
47 48 1
47 34 1
47 35 1
47 38 1
47 41 1
47 12 1
47 16 1
47 49 1
47 50 1
47 51 1
47 53 1
47 24 1
47 25 1
47 58 1
48 16 1
48 49 1
48 50 1
48 51 1
48 53 1
48 38 1
48 41 1
48 25 1
48 58 1
48 12 1
48 47 1
49 16 1
49 50 1
49 51 1
49 53 1
49 41 1
49 58 1
50 16 1
50 48 1
50 51 1
50 53 1
50 54 1
50 49 1
50 24 1
50 41 1
50 58 1
50 59 1
51 16 1
51 49 1
51 50 1
51 53 1
51 54 1
51 48 1
51 41 1
51 58 1
51 59 1
52 16 1
52 48 1
52 50 1
52 51 1
52 53 1
52 54 1
52 49 1
52 58 1
52 59 1
52 14 1
53 16 1
53 48 1
53 50 1
53 51 1
53 52 1
53 54 1
53 24 1
53 25 1
53 58 1
53 59 1
54 48 1
54 34 1
54 35 1
54 12 1
54 16 1
54 49 1
54 50 1
54 51 1
54 52 1
54 53 1
54 24 1
54 25 1
54 58 1
54 59 1
54 62 1
55 35 1
55 38 1
55 41 1
55 12 1
55 47 1
55 16 1
55 49 1
55 50 1
55 51 1
55 53 1
55 54 1
55 56 1
55 24 1
55 25 1
55 58 1
56 38 1
56 41 1
56 12 1
56 47 1
56 16 1
56 49 1
56 50 1
56 51 1
56 53 1
56 54 1
56 24 1
56 25 1
56 58 1
57 48 1
57 34 1
57 35 1
57 41 1
57 16 1
57 49 1
57 50 1
57 51 1
57 53 1
57 54 1
57 24 1
57 25 1
57 58 1
57 59 1
58 16 1
58 48 1
58 50 1
58 35 1
58 53 1
58 51 1
58 24 1
58 25 1
58 54 1
58 59 1
59 48 1
59 34 1
59 35 1
59 12 1
59 16 1
59 49 1
59 50 1
59 51 1
59 53 1
59 54 1
59 24 1
59 25 1
59 58 1
59 62 1
60 48 1
60 38 1
60 41 1
60 12 1
60 47 1
60 16 1
60 49 1
60 50 1
60 51 1
60 53 1
60 54 1
60 56 1
60 24 1
60 25 1
60 58 1
61 48 1
61 34 1
61 35 1
61 41 1
61 12 1
61 16 1
61 49 1
61 50 1
61 51 1
61 53 1
61 54 1
61 24 1
61 25 1
61 58 1
62 48 1
62 34 1
62 35 1
62 12 1
62 16 1
62 49 1
62 50 1
62 51 1
62 53 1
62 54 1
62 24 1
62 25 1
62 58 1
62 59 1
63 48 1
63 34 1
63 35 1
63 38 1
63 41 1
63 12 1
63 47 1
63 16 1
63 49 1
63 50 1
63 51 1
63 53 1
63 54 1
63 24 1
63 25 1
63 58 1
