0 1 1
0 5 1
0 6 1
0 16 1
0 54 1
0 56 1
0 63 1
1 5 1
1 6 1
1 16 1
1 35 1
1 43 1
1 54 1
1 56 1
1 63 1
2 1 1
2 5 1
2 6 1
2 16 1
2 47 1
2 54 1
2 63 1
3 4 1
3 5 1
3 6 1
3 16 1
3 34 1
3 54 1
3 56 1
4 5 1
4 6 1
4 16 1
4 34 1
4 54 1
4 56 1
5 6 1
5 34 1
5 35 1
5 43 1
5 54 1
5 63 1
6 5 1
6 34 1
6 35 1
6 43 1
6 54 1
6 63 1
7 5 1
7 16 1
7 56 1
7 63 1
8 1 1
8 5 1
8 16 1
8 35 1
8 43 1
8 56 1
8 62 1
9 5 1
9 6 1
9 16 1
9 49 1
9 54 1
9 56 1
9 62 1
9 63 1
10 5 1
10 6 1
10 16 1
10 34 1
10 43 1
10 49 1
10 54 1
10 56 1
10 58 1
10 62 1
11 5 1
11 6 1
11 16 1
11 34 1
11 43 1
11 52 1
11 56 1
11 58 1
12 5 1
12 6 1
12 43 1
12 47 1
12 52 1
12 56 1
12 58 1
13 5 1
13 6 1
13 16 1
13 34 1
13 43 1
13 47 1
13 52 1
13 54 1
13 56 1
13 58 1
14 1 1
14 3 1
14 5 1
14 16 1
14 43 1
14 56 1
14 62 1
14 63 1
15 5 1
15 16 1
15 43 1
15 56 1
15 62 1
16 5 1
16 6 1
16 43 1
16 49 1
16 54 1
16 56 1
16 58 1
16 62 1
17 5 1
17 6 1
17 16 1
17 43 1
17 49 1
17 54 1
17 56 1
17 58 1
17 62 1
18 5 1
18 6 1
18 16 1
18 20 1
18 43 1
18 52 1
18 56 1
18 58 1
18 62 1
19 6 1
19 16 1
19 20 1
19 43 1
19 52 1
19 56 1
19 58 1
20 6 1
20 16 1
20 34 1
20 43 1
20 47 1
20 52 1
20 56 1
20 58 1
21 1 1
21 4 1
21 5 1
21 6 1
21 34 1
21 54 1
21 63 1
22 5 1
22 6 1
22 34 1
22 43 1
22 54 1
22 63 1
23 1 1
23 5 1
23 6 1
23 34 1
23 43 1
23 54 1
23 63 1
24 3 1
24 4 1
24 5 1
24 6 1
24 16 1
24 34 1
24 54 1
24 63 1
25 4 1
25 5 1
25 16 1
25 32 1
25 34 1
25 54 1
25 63 1
26 5 1
26 6 1
26 16 1
26 34 1
26 54 1
26 63 1
27 1 1
27 5 1
27 16 1
27 34 1
27 43 1
27 54 1
27 63 1
28 3 1
28 4 1
28 5 1
28 16 1
28 34 1
28 43 1
28 54 1
28 63 1
29 1 1
29 5 1
29 34 1
29 54 1
29 63 1
30 3 1
30 5 1
30 16 1
30 34 1
30 43 1
30 45 1
30 54 1
30 56 1
30 63 1
31 1 1
31 5 1
31 6 1
31 16 1
31 43 1
31 54 1
31 56 1
31 63 1
32 1 1
32 5 1
32 6 1
32 54 1
32 63 1
33 1 1
33 5 1
33 6 1
33 16 1
33 34 1
33 54 1
33 63 1
34 5 1
34 6 1
34 35 1
34 54 1
34 63 1
35 5 1
35 6 1
35 34 1
35 54 1
35 63 1
36 5 1
36 6 1
36 34 1
36 35 1
36 43 1
36 47 1
36 54 1
36 63 1
37 1 1
37 5 1
37 6 1
37 34 1
37 43 1
37 54 1
37 63 1
38 5 1
38 16 1
38 43 1
38 54 1
38 56 1
38 63 1
39 4 1
39 5 1
39 6 1
39 10 1
39 34 1
39 35 1
39 54 1
39 61 1
40 1 1
40 5 1
40 16 1
40 43 1
40 44 1
40 54 1
40 56 1
40 62 1
40 63 1
41 6 1
41 16 1
41 34 1
41 43 1
41 47 1
41 54 1
41 56 1
41 63 1
42 4 1
42 5 1
42 16 1
42 43 1
42 44 1
42 54 1
42 56 1
42 63 1
43 47 1
44 5 1
44 43 1
44 45 1
44 56 1
45 6 1
45 20 1
45 43 1
45 44 1
45 47 1
45 56 1
46 4 1
46 16 1
46 43 1
46 55 1
46 56 1
46 62 1
46 63 1
47 3 1
47 5 1
47 16 1
47 43 1
47 56 1
47 62 1
47 63 1
48 5 1
48 16 1
48 43 1
48 54 1
48 56 1
48 58 1
48 62 1
49 5 1
49 16 1
49 43 1
49 56 1
50 16 1
50 43 1
50 56 1
51 16 1
51 43 1
51 56 1
52 16 1
52 20 1
52 43 1
52 56 1
52 58 1
53 20 1
53 43 1
53 56 1
54 20 1
54 43 1
54 56 1
54 58 1
54 59 1
55 3 1
55 4 1
55 5 1
55 16 1
55 43 1
55 54 1
55 56 1
55 59 1
55 60 1
55 63 1
56 5 1
56 16 1
56 43 1
57 5 1
57 16 1
57 43 1
57 54 1
57 56 1
58 43 1
59 5 1
59 43 1
59 54 1
60 3 1
60 4 1
60 5 1
60 16 1
60 43 1
60 54 1
60 56 1
60 59 1
61 5 1
61 43 1
61 54 1
62 5 1
62 43 1
62 54 1
62 59 1
63 4 1
63 5 1
63 43 1
