0 4 1
0 5 1
0 6 1
0 33 1
0 59 1
1 4 1
1 5 1
1 6 1
1 33 1
1 34 1
1 59 1
2 4 1
2 5 1
2 6 1
2 33 1
2 34 1
2 59 1
3 5 1
3 6 1
3 33 1
3 34 1
3 59 1
4 3 1
4 5 1
4 6 1
4 33 1
4 34 1
4 59 1
5 4 1
5 6 1
5 34 1
5 35 1
5 59 1
5 62 1
6 4 1
6 5 1
6 34 1
6 35 1
6 59 1
6 62 1
7 6 1
7 34 1
7 56 1
7 59 1
8 5 1
8 6 1
8 34 1
8 48 1
8 56 1
8 59 1
9 5 1
9 6 1
9 34 1
9 59 1
10 4 1
10 6 1
10 34 1
10 50 1
10 59 1
11 5 1
11 6 1
11 34 1
11 52 1
11 55 1
11 59 1
12 5 1
12 6 1
12 34 1
12 35 1
12 52 1
12 59 1
13 6 1
13 34 1
13 35 1
13 43 1
13 52 1
13 59 1
14 5 1
14 6 1
14 34 1
14 35 1
14 48 1
14 56 1
14 60 1
14 63 1
15 5 1
15 6 1
15 34 1
15 48 1
15 55 1
15 56 1
15 59 1
15 60 1
15 63 1
16 5 1
16 6 1
16 34 1
16 48 1
16 55 1
16 56 1
16 57 1
16 59 1
16 60 1
16 63 1
17 5 1
17 6 1
17 50 1
17 55 1
17 56 1
17 57 1
17 59 1
17 60 1
17 63 1
18 6 1
18 52 1
18 55 1
18 56 1
18 58 1
18 59 1
18 63 1
19 35 1
19 52 1
19 58 1
19 59 1
19 63 1
20 6 1
20 35 1
20 43 1
20 52 1
20 58 1
20 59 1
20 63 1
21 4 1
21 5 1
21 6 1
21 33 1
21 34 1
21 58 1
21 59 1
21 62 1
21 63 1
22 4 1
22 5 1
22 6 1
22 33 1
22 58 1
22 59 1
22 62 1
22 63 1
23 4 1
23 5 1
23 6 1
23 35 1
23 59 1
23 62 1
23 63 1
24 5 1
24 6 1
24 34 1
24 58 1
24 59 1
24 62 1
24 63 1
25 5 1
25 6 1
25 33 1
25 58 1
25 59 1
25 62 1
25 63 1
26 4 1
26 5 1
26 6 1
26 34 1
26 59 1
26 62 1
27 4 1
27 5 1
27 6 1
27 34 1
27 59 1
27 62 1
28 5 1
28 6 1
28 34 1
28 59 1
28 63 1
29 5 1
29 6 1
29 34 1
29 58 1
29 59 1
29 62 1
29 63 1
30 3 1
30 4 1
30 6 1
30 33 1
30 59 1
30 62 1
31 4 1
31 5 1
31 6 1
31 34 1
31 59 1
31 62 1
32 4 1
32 6 1
32 34 1
32 59 1
32 62 1
33 4 1
33 5 1
33 6 1
33 34 1
33 59 1
33 62 1
34 4 1
34 5 1
34 6 1
34 35 1
34 59 1
34 62 1
35 4 1
35 5 1
35 6 1
35 34 1
35 59 1
35 62 1
36 5 1
36 6 1
36 34 1
36 59 1
36 62 1
37 5 1
37 6 1
37 59 1
38 4 1
38 5 1
38 6 1
38 34 1
38 59 1
39 3 1
39 4 1
39 5 1
39 34 1
39 35 1
39 59 1
40 6 1
40 34 1
40 56 1
40 59 1
40 60 1
41 6 1
41 34 1
41 35 1
41 43 1
41 55 1
41 59 1
42 34 1
42 44 1
42 58 1
42 59 1
42 63 1
43 6 1
43 34 1
43 35 1
44 6 1
44 34 1
44 35 1
44 55 1
44 56 1
44 60 1
44 62 1
44 63 1
45 35 1
45 43 1
45 52 1
45 58 1
45 59 1
45 63 1
46 5 1
46 6 1
46 34 1
46 35 1
46 55 1
46 56 1
46 60 1
46 62 1
46 63 1
47 5 1
47 6 1
47 34 1
47 35 1
47 55 1
47 56 1
47 60 1
47 62 1
47 63 1
48 5 1
48 35 1
48 55 1
48 56 1
48 57 1
48 60 1
48 62 1
48 63 1
49 5 1
49 56 1
49 57 1
49 59 1
49 60 1
49 63 1
50 35 1
50 56 1
50 57 1
50 58 1
50 59 1
50 60 1
50 63 1
51 35 1
51 56 1
51 57 1
51 58 1
51 59 1
51 60 1
51 63 1
52 35 1
52 56 1
52 58 1
52 59 1
52 63 1
53 35 1
53 54 1
53 58 1
53 59 1
53 63 1
54 35 1
54 58 1
54 59 1
54 62 1
54 63 1
55 6 1
55 34 1
55 56 1
55 59 1
55 60 1
55 62 1
55 63 1
56 6 1
56 55 1
56 57 1
56 59 1
56 60 1
56 62 1
56 63 1
57 6 1
57 35 1
57 56 1
57 58 1
57 59 1
57 60 1
57 62 1
57 63 1
58 6 1
58 35 1
58 54 1
58 59 1
58 63 1
59 6 1
59 54 1
59 58 1
59 63 1
60 6 1
60 55 1
60 56 1
60 59 1
60 62 1
60 63 1
61 4 1
61 6 1
61 54 1
61 56 1
61 57 1
61 59 1
61 60 1
61 62 1
61 63 1
62 4 1
62 6 1
62 54 1
62 56 1
62 58 1
62 59 1
62 60 1
62 63 1
63 4 1
63 6 1
63 54 1
63 55 1
63 56 1
63 59 1
63 60 1
63 62 1
